56,	2042,	0.311847,	22 17 20 25 5 14 23 15 8 18 11 27 12 2 1 21 9 7 19 16 4 24 13 28 6 29 3 26 10 30 31 0 
50,	2042,	0.311847,	31 16 19 14 2 17 15 18 10 24 22 23 0 28 12 9 6 20 29 25 26 3 27 13 7 5 11 8 4 30 21 1 
26,	2049,	0.311847,	5 18 3 30 11 15 2 29 8 28 10 0 13 12 9 19 31 7 20 23 17 1 16 6 27 21 14 24 22 4 26 25 
58,	2038,	0.311847,	29 25 22 16 15 10 13 2 28 3 14 31 27 0 12 6 11 21 24 9 8 26 17 7 5 18 23 4 19 20 30 1 
56,	2044,	0.311847,	0 30 29 6 17 9 10 4 12 15 27 11 21 3 26 1 20 28 23 16 8 14 22 13 18 5 19 7 2 25 24 31 
50,	2055,	0.311847,	9 19 15 25 1 27 23 10 20 29 26 16 7 28 22 21 30 8 18 5 11 17 13 6 14 31 24 4 3 12 2 0 
24,	2047,	0.311847,	26 9 4 14 10 23 29 19 5 13 27 7 25 20 12 8 16 17 21 0 28 30 24 15 18 31 11 1 6 22 3 2 
52,	2052,	0.311847,	7 23 28 26 17 20 16 10 5 0 18 24 3 22 29 31 9 25 30 8 19 1 21 4 15 27 2 6 11 12 13 14 
18,	2034,	0.311847,	4 20 1 13 5 7 10 23 0 27 21 24 9 8 17 31 15 22 18 6 28 12 11 26 19 14 25 29 2 3 16 30 
68,	2053,	0.311847,	14 1 24 9 15 2 5 29 26 18 13 3 21 8 27 16 4 25 30 28 22 7 17 12 19 31 11 20 10 0 6 23 
16,	2048,	0.311847,	11 24 30 10 19 14 23 27 6 13 25 1 16 28 4 15 31 7 22 21 26 0 2 9 18 5 20 17 29 12 8 3 
52,	2053,	0.311847,	11 15 4 19 1 2 12 26 27 20 8 30 28 10 21 29 13 22 5 14 3 23 17 9 16 6 24 18 31 25 7 0 
46,	2048,	0.311847,	31 7 17 8 24 12 14 29 3 30 11 2 22 23 9 26 28 19 27 15 4 21 10 16 5 6 0 20 18 13 1 25 
46,	2018,	0.311847,	4 16 31 18 3 25 5 21 20 12 17 15 0 27 22 30 24 11 2 10 7 26 28 19 8 1 23 29 13 14 6 9 
34,	2041,	0.311847,	31 16 14 12 8 28 25 29 11 3 15 9 7 13 26 23 4 0 27 19 2 18 24 10 6 1 30 17 21 20 5 22 
46,	2043,	0.311847,	20 14 7 24 29 10 17 6 16 11 30 26 1 27 9 15 18 25 3 23 31 2 13 12 28 8 22 19 0 21 4 5 
70,	2044,	0.311847,	4 8 0 5 25 2 31 6 1 27 16 30 7 19 24 20 22 21 3 10 18 12 15 13 29 28 14 17 9 23 11 26 
34,	2050,	0.311847,	22 13 29 21 17 12 3 16 2 20 8 1 11 10 19 28 9 27 31 26 24 23 15 14 0 7 6 18 4 30 25 5 
68,	1990,	0.311847,	0 6 21 16 5 4 7 19 28 13 18 24 31 25 26 30 2 10 27 23 15 11 14 8 3 9 17 20 1 12 29 22 
72,	2002,	0.311847,	11 24 15 25 20 18 3 19 16 21 9 12 17 13 7 26 5 27 4 6 10 1 30 2 14 29 23 22 8 28 0 31 
60,	1644,	0.311847,	9 5 23 19 30 15 25 27 14 1 20 17 13 31 24 3 21 0 4 6 8 26 2 11 16 10 12 18 29 7 28 22 
34,	1985,	0.311847,	7 24 10 4 18 21 29 12 22 15 31 13 25 9 27 19 1 3 28 14 23 6 8 0 20 17 11 16 2 30 5 26 
62,	1989,	0.311847,	7 19 21 12 8 2 16 15 9 5 11 26 0 20 13 28 18 1 27 6 29 4 31 3 25 17 14 24 10 30 23 22 
38,	2021,	0.311847,	26 0 14 25 11 28 30 5 6 13 22 19 2 3 18 31 17 7 12 10 23 21 20 1 27 15 9 4 24 8 16 29 
90,	2028,	0.311847,	18 15 5 30 4 16 9 2 31 26 3 21 6 13 19 24 29 23 22 28 0 27 14 12 1 10 17 7 11 20 8 25 
60,	2033,	0.311847,	25 29 0 2 5 26 1 16 13 18 28 8 12 22 11 3 6 9 14 15 4 31 10 23 20 7 27 21 24 19 30 17 
90,	2018,	0.311847,	28 3 31 26 17 19 22 18 29 14 23 4 30 7 2 24 21 6 13 25 0 1 5 15 8 27 16 9 10 11 20 12 
58,	2042,	0.311847,	30 31 10 24 23 25 29 8 16 17 18 28 12 7 0 3 13 19 22 6 15 2 14 27 20 26 5 1 9 21 4 11 
62,	2041,	0.311847,	21 0 1 25 31 13 23 24 20 6 29 19 4 15 10 27 2 7 26 17 3 11 30 18 14 22 28 9 12 16 5 8 
38,	2035,	0.311847,	20 0 17 19 26 13 1 2 18 15 28 29 23 10 12 4 31 3 16 11 21 8 27 5 22 7 24 9 6 30 14 25 
32,	2043,	0.311847,	14 17 22 23 2 5 27 12 26 7 9 4 10 28 8 15 20 18 30 6 25 11 1 29 21 3 13 16 19 24 0 31 
40,	2055,	0.311847,	26 28 15 3 1 24 29 18 0 5 17 4 30 31 6 20 19 22 14 7 13 12 25 11 23 16 27 2 9 10 8 21 
38,	2051,	0.311847,	27 1 19 0 30 4 20 23 10 26 11 15 29 21 28 7 16 18 31 22 17 5 3 8 25 2 24 12 9 6 13 14 
54,	2047,	0.311847,	12 13 6 2 26 11 17 7 3 15 0 25 31 22 18 28 8 27 20 14 5 24 16 23 21 10 4 9 29 30 19 1 
56,	2050,	0.311847,	30 5 18 25 26 3 20 19 31 22 14 0 6 28 2 8 29 4 1 13 10 11 7 15 23 27 12 17 9 24 21 16 
88,	2052,	0.311847,	23 12 4 26 29 18 11 1 13 2 24 15 0 31 8 6 16 25 22 14 30 28 5 20 17 3 7 9 27 21 19 10 
66,	2053,	0.311847,	5 15 21 4 28 16 6 0 7 10 29 17 25 22 30 24 19 2 26 23 8 3 12 20 13 27 18 31 9 11 1 14 
30,	2031,	0.311847,	10 20 9 15 7 2 25 6 21 30 18 3 5 23 11 16 19 29 8 28 4 14 22 17 0 31 12 24 27 1 13 26 
40,	1975,	0.311847,	4 1 19 30 15 27 22 6 2 21 20 7 18 23 8 3 28 17 31 0 25 5 10 11 14 9 29 13 12 16 24 26 
46,	2041,	0.311847,	5 13 27 15 31 17 12 10 23 22 7 24 28 2 14 25 0 3 26 11 8 21 6 30 4 18 29 9 20 1 16 19 
50,	2026,	0.311847,	30 29 15 14 27 24 11 20 2 22 9 6 26 8 3 0 19 13 25 10 21 18 23 16 12 7 17 1 5 4 31 28 
72,	2027,	0.311847,	13 5 25 3 2 31 9 12 10 6 20 27 26 29 14 17 16 15 19 0 23 4 28 7 11 22 24 1 30 21 18 8 
40,	2053,	0.311847,	10 28 30 26 20 13 8 15 24 4 31 12 27 0 21 3 5 7 11 19 1 14 6 23 29 22 2 17 25 16 9 18 
52,	2040,	0.311847,	13 2 19 10 24 5 3 23 21 9 31 27 30 1 16 11 7 17 22 20 12 4 25 8 15 6 14 18 28 0 26 29 
56,	2042,	0.311847,	10 7 28 8 14 23 21 15 26 5 13 9 30 4 31 16 24 11 27 2 29 18 6 25 0 12 20 22 3 17 19 1 
6,	2034,	0.311847,	30 14 7 9 1 18 25 2 10 3 11 23 22 20 6 24 0 29 27 28 12 17 31 21 19 4 13 15 8 26 16 5 
52,	2040,	0.311847,	1 17 6 4 9 10 27 28 15 16 19 7 26 13 11 12 14 18 21 0 5 20 24 30 25 8 3 22 29 23 2 31 
64,	1964,	0.311847,	28 12 29 19 18 9 10 31 26 27 3 5 20 8 21 14 23 17 4 30 13 22 2 11 16 24 0 7 15 25 6 1 
74,	2047,	0.311847,	13 25 14 12 27 30 5 9 10 26 29 11 6 20 0 2 23 15 24 21 1 22 28 3 4 31 18 16 8 19 7 17 
64,	2035,	0.311847,	4 11 9 20 5 7 2 8 10 6 19 30 18 28 21 26 13 22 24 25 1 31 16 27 3 17 14 0 15 29 12 23 
54,	2046,	0.311847,	27 13 8 31 29 7 1 20 6 10 28 2 9 17 21 0 24 30 15 19 16 26 4 14 12 18 25 11 22 3 23 5 
30,	2042,	0.311847,	9 5 23 14 12 30 8 2 19 27 6 20 16 7 0 11 17 29 10 28 13 25 15 22 4 3 18 24 21 31 1 26 
70,	2033,	0.311847,	17 4 0 5 18 3 21 23 24 19 16 13 22 7 30 2 25 28 11 15 26 14 20 31 10 27 29 1 9 6 8 12 
60,	2029,	0.311847,	0 1 13 24 29 16 25 31 11 26 8 3 10 6 23 14 9 28 21 19 18 7 27 22 12 30 4 20 15 5 17 2 
46,	2034,	0.311847,	17 31 15 25 19 18 6 16 29 4 12 1 7 13 27 2 21 23 24 22 3 9 30 26 28 11 14 5 8 0 10 20 
22,	2023,	0.311847,	1 12 28 22 9 18 30 31 15 26 14 4 25 16 11 2 29 0 24 8 3 19 7 20 5 10 6 17 13 23 21 27 
52,	2025,	0.311847,	24 12 2 31 1 11 0 4 15 14 9 27 19 17 21 16 8 23 5 10 30 7 28 18 6 26 13 20 29 22 25 3 
30,	2040,	0.311847,	21 5 14 4 7 10 9 18 15 8 16 6 23 22 20 2 28 12 13 31 25 11 24 17 26 1 27 0 3 29 19 30 
76,	2029,	0.311847,	0 21 3 30 19 26 12 22 31 16 27 20 11 29 10 18 8 17 25 15 4 24 9 28 5 13 2 7 1 6 14 23 
74,	2036,	0.311847,	26 30 29 8 4 22 31 15 19 17 27 10 11 25 24 13 23 21 0 12 9 6 16 28 7 20 14 5 1 3 2 18 
60,	2038,	0.311847,	10 29 0 28 13 16 14 23 19 12 5 21 17 31 4 30 18 11 26 22 8 9 1 25 24 20 6 2 27 15 3 7 
78,	2044,	0.311847,	0 6 16 29 5 22 8 15 18 26 23 17 30 1 9 31 12 27 11 4 3 13 2 19 14 21 25 20 7 10 24 28 
64,	2039,	0.311847,	0 16 8 9 28 19 12 22 2 25 30 31 4 27 13 1 18 17 5 10 29 21 15 23 11 6 14 3 24 7 20 26 
52,	2045,	0.311847,	25 31 29 0 27 30 14 6 3 12 22 7 24 28 15 9 16 19 1 26 5 13 21 8 18 11 17 4 23 10 2 20 
32,	2038,	0.311847,	22 10 16 27 19 29 24 9 28 12 2 5 23 21 31 17 26 18 0 3 30 25 1 15 6 8 11 7 13 4 14 20 
74,	2042,	0.311847,	12 20 29 1 23 14 10 11 7 3 30 16 15 6 27 2 26 9 21 19 24 8 18 17 0 4 13 22 28 31 25 5 
68,	2032,	0.311847,	26 18 31 15 0 12 10 25 9 30 6 4 28 16 29 8 23 7 21 2 19 11 17 14 22 13 3 5 20 27 1 24 
36,	2026,	0.311847,	23 1 28 5 31 3 27 16 11 0 24 26 20 22 4 25 21 10 2 9 15 29 6 8 13 30 14 17 12 7 19 18 
32,	2038,	0.311847,	6 30 24 22 28 31 2 7 10 27 9 19 16 5 4 20 8 1 3 21 0 15 14 18 26 11 25 13 23 12 29 17 
78,	2038,	0.311847,	28 23 20 30 27 18 6 13 26 31 10 8 29 22 11 19 1 2 25 12 17 21 4 0 7 24 3 9 5 16 15 14 
40,	2043,	0.311847,	12 0 18 24 4 25 19 31 9 26 3 5 8 2 14 1 17 16 7 28 23 20 30 6 15 21 29 22 11 27 13 10 
62,	2031,	0.311847,	24 30 7 22 26 19 18 25 6 2 5 17 3 28 23 21 4 27 10 14 29 9 16 1 11 15 8 20 0 12 13 31 
32,	2039,	0.311847,	20 28 30 24 11 9 19 25 3 13 29 14 31 27 5 12 22 17 7 23 21 4 1 6 26 10 8 16 0 15 18 2 
56,	2040,	0.311847,	25 17 28 4 16 12 26 6 7 23 1 18 31 14 15 22 9 2 0 19 10 29 24 11 5 30 21 8 3 13 27 20 
38,	2043,	0.311847,	18 6 15 29 7 16 20 5 0 31 10 19 3 12 8 13 1 30 21 11 28 25 17 26 22 4 2 24 27 14 9 23 
66,	2043,	0.311847,	24 19 5 17 15 1 11 7 14 13 6 29 21 25 8 31 20 4 28 9 10 23 3 22 2 0 12 30 26 16 27 18 
60,	2037,	0.311847,	11 20 7 19 26 24 10 13 5 22 18 3 15 31 9 0 4 1 21 25 29 27 28 12 2 16 14 17 30 8 6 23 
32,	2014,	0.311847,	4 5 9 0 25 7 23 19 6 27 30 3 28 16 10 31 14 8 21 13 26 15 12 11 2 18 24 17 29 20 22 1 
50,	2039,	0.311847,	14 25 29 16 27 20 11 3 7 22 21 4 1 19 15 26 28 30 24 31 10 6 12 18 8 13 2 0 23 9 5 17 
36,	2045,	0.311847,	1 21 9 11 4 3 25 22 19 15 23 17 29 30 6 8 24 13 16 28 14 5 20 12 31 18 7 26 10 27 2 0 
52,	2040,	0.311847,	1 7 19 12 29 2 16 31 26 30 21 28 18 25 11 13 5 0 3 6 17 8 20 27 14 10 9 15 23 22 4 24 
34,	2036,	0.311847,	2 19 0 3 23 29 21 28 20 6 16 8 13 25 24 15 26 5 9 1 17 11 14 12 31 22 7 18 30 27 4 10 
76,	2039,	0.311847,	1 10 12 26 11 0 20 5 25 24 8 18 3 23 17 21 29 31 15 4 16 7 27 14 6 30 13 19 2 22 28 9 
22,	2044,	0.311847,	20 15 7 30 21 13 4 18 10 23 5 9 25 29 11 16 0 28 22 12 6 1 8 19 2 26 27 3 24 14 31 17 
38,	2034,	0.311847,	28 30 4 11 8 21 6 14 27 9 18 1 23 31 19 15 20 16 2 5 10 13 25 24 29 3 22 7 0 12 17 26 
44,	2050,	0.311847,	10 18 14 31 19 28 2 17 12 29 4 3 11 23 8 25 1 22 15 7 26 0 30 16 6 24 9 5 20 27 21 13 
52,	2000,	0.311847,	12 14 9 25 1 3 4 15 10 5 24 18 17 19 2 20 30 11 7 16 28 0 23 31 13 22 26 6 27 29 8 21 
36,	2045,	0.311847,	14 27 23 6 12 13 25 24 4 15 2 16 8 0 5 31 19 22 28 21 9 30 26 10 7 18 20 29 11 1 3 17 
32,	2030,	0.311847,	22 8 12 26 20 21 17 23 16 27 1 31 19 9 5 13 3 7 18 14 11 0 29 10 25 30 6 2 28 24 15 4 
62,	2042,	0.311847,	21 24 11 1 0 18 25 8 12 29 5 28 19 10 15 14 13 26 3 17 31 2 22 20 7 9 6 16 30 4 23 27 
42,	2013,	0.311847,	28 7 10 13 30 12 2 18 5 20 23 27 11 25 17 19 15 16 0 3 21 4 8 26 1 31 14 9 22 29 6 24 
32,	2024,	0.311847,	1 22 23 3 5 24 31 30 25 4 12 0 28 26 14 6 18 9 13 27 20 19 8 10 7 16 17 2 21 15 11 29 
58,	2038,	0.311847,	28 3 31 0 22 10 20 13 6 29 30 15 12 16 27 5 2 18 17 25 21 26 8 4 14 23 7 24 9 19 1 11 
46,	2023,	0.311847,	30 16 23 29 22 13 10 7 17 19 25 2 11 14 9 15 21 1 3 18 28 6 0 8 31 4 12 27 5 26 20 24 
44,	2046,	0.311847,	21 28 20 31 27 0 12 18 3 9 29 24 2 17 19 22 11 13 10 14 15 5 7 1 8 25 26 4 16 6 23 30 
52,	2034,	0.311847,	14 11 20 0 22 1 26 31 2 24 23 28 29 10 12 30 17 27 6 18 5 9 21 8 3 7 15 4 19 25 13 16 
46,	2032,	0.311847,	25 14 27 6 11 30 19 31 0 8 7 4 1 3 26 5 18 28 21 9 17 20 23 12 13 10 24 15 2 16 22 29 
14,	2035,	0.311847,	4 11 31 7 22 12 2 29 20 0 10 25 13 30 15 19 21 9 18 8 23 14 17 6 16 24 26 3 27 1 5 28 
66,	2042,	0.311847,	27 2 7 8 18 20 4 13 16 12 1 29 17 6 23 21 24 15 9 28 25 10 26 31 5 30 11 0 14 3 22 19 
56,	2029,	0.311847,	1 10 11 13 26 25 8 0 15 19 22 17 14 9 24 2 3 29 31 30 7 12 5 23 16 27 21 18 4 28 20 6 
36,	2041,	0.311847,	3 9 28 15 0 31 27 8 1 21 2 22 10 12 26 16 11 30 24 18 25 20 14 5 4 13 6 17 29 23 7 19 
46,	2049,	0.311847,	19 5 0 6 14 13 11 10 17 21 9 30 1 4 27 3 16 2 25 15 29 8 18 12 7 20 24 22 28 23 26 31 
34,	2045,	0.311847,	5 23 26 10 2 29 14 1 3 18 25 4 12 20 17 8 13 27 0 31 28 6 24 15 11 30 7 19 21 22 16 9 
42,	2028,	0.311847,	7 21 9 29 0 18 12 13 1 8 20 25 2 3 10 19 28 14 23 30 5 15 22 27 26 31 17 16 24 6 4 11 
62,	2051,	0.311847,	27 5 1 9 22 4 26 2 21 23 24 15 29 17 14 8 20 18 12 25 3 0 16 6 30 13 11 28 7 31 10 19 
44,	2028,	0.311847,	18 13 16 4 3 5 23 19 31 0 6 15 24 26 2 7 28 12 11 9 8 21 30 17 25 27 10 29 20 1 22 14 
42,	2050,	0.311847,	29 9 10 30 6 20 7 27 8 11 18 19 13 25 26 17 31 16 4 3 23 0 28 12 1 15 22 21 14 5 24 2 
72,	2029,	0.311847,	19 3 8 25 4 17 6 28 11 22 0 14 30 7 21 12 9 24 26 15 2 29 31 13 16 5 27 1 20 23 18 10 
40,	2033,	0.311847,	15 29 14 26 23 17 4 7 25 30 8 24 31 27 13 12 0 19 2 16 21 5 1 3 22 20 9 28 11 18 10 6 
66,	2028,	0.311847,	12 28 10 18 9 24 30 26 22 20 27 5 25 2 14 13 29 4 8 17 6 7 11 1 23 0 15 21 3 19 31 16 
22,	2036,	0.311847,	26 4 24 5 17 28 22 16 12 0 18 14 25 11 6 2 20 31 7 29 21 13 8 1 27 15 19 10 23 9 3 30 
68,	1838,	0.311847,	8 2 7 17 18 19 27 16 13 29 26 5 22 1 9 3 23 25 24 14 31 11 21 12 28 10 15 6 4 0 20 30 
56,	1967,	0.311847,	25 7 12 8 17 13 15 29 27 16 18 14 10 26 0 31 21 24 1 6 3 30 20 22 11 19 2 28 9 5 4 23 
28,	1992,	0.311847,	7 1 8 16 3 10 18 29 17 4 2 6 24 23 28 9 15 22 19 26 25 20 31 30 11 12 0 27 21 14 13 5 
76,	2030,	0.311847,	15 16 13 4 14 11 17 27 2 22 24 3 30 25 12 31 6 29 8 18 19 28 10 21 7 5 20 9 0 23 26 1 
66,	2038,	0.311847,	25 4 20 14 23 13 1 0 24 28 8 22 29 10 11 15 7 9 18 31 5 21 16 19 2 3 12 27 6 30 26 17 
50,	2021,	0.311847,	24 30 23 25 19 17 3 2 20 15 0 18 13 29 27 9 11 12 28 8 10 22 7 5 31 1 4 14 21 6 16 26 
48,	1977,	0.311847,	12 30 28 17 26 5 13 11 8 20 27 15 2 14 6 3 16 22 0 19 21 24 10 9 31 25 1 23 29 18 7 4 
32,	1999,	0.311847,	13 24 16 31 11 4 0 5 19 29 1 22 6 14 7 3 21 23 12 17 20 9 26 28 27 30 25 10 18 2 8 15 
54,	2033,	0.311847,	13 4 30 8 5 9 29 6 16 17 11 25 31 21 26 12 18 3 1 22 23 10 28 7 14 2 24 19 0 15 27 20 
96,	2051,	0.311847,	13 28 21 16 3 14 0 1 7 27 19 10 29 6 5 15 12 11 31 4 20 2 17 30 24 9 18 8 26 25 22 23 
80,	2041,	0.311847,	17 7 20 29 28 19 23 21 15 4 12 14 25 9 24 3 13 31 8 1 27 30 22 18 0 11 26 6 16 10 5 2 
36,	2021,	0.311847,	3 30 1 13 16 6 7 28 15 21 8 19 18 4 31 0 5 20 14 17 10 22 25 23 12 9 29 11 27 26 2 24 
14,	2000,	0.311847,	10 22 11 3 23 14 1 13 17 5 26 9 12 28 8 2 7 18 21 19 4 30 25 20 16 29 6 31 24 0 15 27 
82,	2005,	0.311847,	15 1 29 19 0 30 21 7 24 11 17 13 16 5 26 25 2 9 6 22 12 20 31 10 18 3 23 8 4 27 28 14 
32,	1966,	0.311847,	26 6 7 29 1 23 10 17 25 12 0 2 16 28 27 15 18 31 24 19 4 8 9 30 22 11 3 5 20 14 13 21 
52,	1806,	0.311847,	10 1 28 25 4 6 24 29 18 23 15 27 11 5 22 17 3 31 26 16 8 7 12 0 21 9 2 20 19 14 13 30 
62,	1759,	0.311847,	31 10 8 30 28 19 2 16 21 29 26 7 15 24 11 22 4 9 5 14 13 20 25 3 0 12 1 18 23 27 6 17 
68,	2050,	0.311847,	27 12 16 15 29 21 25 30 0 28 7 10 4 3 20 19 18 1 6 13 11 31 26 2 14 8 9 22 23 5 17 24 
64,	2024,	0.311847,	23 3 5 24 6 8 21 12 27 0 22 20 18 15 11 14 30 4 13 19 10 31 16 25 29 28 7 17 26 9 2 1 
66,	1972,	0.311847,	16 7 24 2 20 30 19 28 13 26 6 17 8 22 3 10 15 29 5 14 31 0 21 27 23 1 18 12 9 11 25 4 
38,	2006,	0.311847,	27 24 21 22 5 19 15 12 25 31 1 20 6 3 13 26 8 9 29 28 23 10 0 17 18 7 2 14 16 4 30 11 
62,	2047,	0.311847,	12 3 20 21 2 23 14 10 16 25 24 29 30 26 22 9 18 31 4 0 15 1 7 28 13 19 5 6 17 8 27 11 
44,	2045,	0.311847,	21 6 17 2 24 11 26 0 1 12 4 8 9 5 27 30 19 15 31 23 10 29 25 22 28 13 14 3 7 18 20 16 
54,	2046,	0.311847,	4 19 20 27 17 0 1 21 11 18 14 16 5 12 9 29 25 10 23 31 8 28 15 13 30 6 7 24 2 22 3 26 
40,	2048,	0.311847,	23 13 11 10 22 1 26 28 19 29 0 17 3 8 18 16 27 6 2 30 4 5 21 25 15 20 12 7 9 31 14 24 
30,	2039,	0.311847,	23 12 18 15 8 22 25 28 20 11 3 6 7 31 17 2 27 14 1 10 29 0 30 21 16 9 13 4 26 24 19 5 
34,	2050,	0.311847,	3 22 12 17 31 21 6 8 19 1 25 23 2 30 5 11 15 9 10 13 26 14 16 24 7 20 0 28 27 29 18 4 
40,	2043,	0.311847,	14 5 17 22 4 20 2 9 13 18 28 25 31 6 24 21 8 27 16 10 3 11 12 29 19 26 7 1 0 23 30 15 
54,	2024,	0.311847,	17 28 19 15 30 14 26 24 6 31 18 20 5 11 9 12 8 22 3 29 0 7 2 16 13 4 25 10 1 21 27 23 
52,	1943,	0.311847,	20 7 30 28 11 1 12 18 15 29 27 9 8 3 4 23 26 21 6 2 13 10 24 31 16 25 5 17 14 19 0 22 
26,	1946,	0.311847,	1 19 3 18 13 4 9 29 24 25 15 16 20 5 23 11 21 2 28 6 12 27 8 17 31 0 10 14 22 26 30 7 
42,	1984,	0.311847,	25 1 17 28 20 0 29 23 3 10 8 4 12 14 7 5 24 30 22 26 9 16 18 11 6 31 13 2 19 15 21 27 
82,	1957,	0.311847,	4 24 26 21 0 11 25 14 19 9 23 13 18 15 30 3 2 7 6 12 31 20 10 22 17 27 5 1 16 28 8 29 
42,	2004,	0.311847,	1 6 26 3 4 0 20 7 25 21 28 24 22 19 29 13 15 23 12 11 18 17 16 14 8 27 5 9 31 30 10 2 
40,	2041,	0.311847,	8 2 4 9 31 1 21 23 24 26 6 7 25 17 13 28 3 10 12 15 22 30 20 5 11 19 16 29 0 27 18 14 
84,	2022,	0.311847,	28 12 14 0 8 22 5 3 26 31 27 17 29 19 15 7 4 16 30 13 20 10 9 25 24 11 6 1 2 23 18 21 
26,	2037,	0.311847,	23 16 5 4 8 21 3 7 9 12 18 22 0 13 1 15 2 25 27 17 26 10 14 20 19 31 30 29 11 28 24 6 
22,	2041,	0.311847,	1 12 4 7 14 6 28 18 29 19 17 2 31 9 3 26 20 22 25 30 8 11 27 21 15 13 23 16 10 5 0 24 
32,	2052,	0.311847,	12 27 1 11 9 24 20 4 5 16 28 17 0 8 29 31 30 2 23 14 6 19 26 3 15 25 21 13 22 10 18 7 
48,	2040,	0.311847,	2 26 5 15 16 11 23 31 13 3 21 18 30 12 7 4 10 27 1 29 20 17 8 28 0 6 22 19 25 24 9 14 
56,	2050,	0.311847,	15 16 18 11 31 30 24 25 8 6 26 20 17 3 21 28 10 23 5 27 4 9 19 13 2 7 29 0 14 12 1 22 
72,	1914,	0.311847,	23 1 18 22 10 21 13 0 8 3 5 24 14 30 17 6 28 15 26 20 31 27 12 29 25 9 7 4 16 11 19 2 
32,	2020,	0.311847,	30 8 27 31 12 9 14 15 23 20 10 24 17 16 25 6 26 28 7 21 4 19 13 0 29 18 5 2 11 3 22 1 
50,	2014,	0.311847,	13 24 12 30 22 7 16 26 8 3 28 9 2 17 5 0 25 4 19 18 10 21 6 29 15 31 20 14 23 27 11 1 
32,	2021,	0.311847,	22 21 31 26 11 5 3 0 19 8 1 6 20 30 15 4 7 10 23 27 16 9 29 24 17 18 25 13 14 12 2 28 
46,	2031,	0.311847,	12 23 5 10 18 29 24 14 28 19 1 3 27 31 25 8 6 20 7 21 26 2 9 16 13 22 30 11 4 0 15 17 
30,	2032,	0.311847,	30 19 21 29 22 10 15 25 24 8 1 7 2 12 4 23 17 0 6 16 5 27 13 9 28 26 14 11 3 31 18 20 
44,	2026,	0.311847,	18 27 21 25 17 14 12 29 31 19 2 1 23 7 8 26 16 20 22 30 11 28 24 4 10 13 9 15 6 3 5 0 
26,	2045,	0.311847,	1 5 14 19 31 6 18 2 0 3 29 16 17 9 12 7 4 26 30 24 25 15 27 20 23 8 10 11 21 13 28 22 
78,	2050,	0.311847,	8 5 28 31 0 29 3 24 18 30 27 23 11 15 26 22 6 14 4 17 12 9 10 1 21 20 13 7 2 25 19 16 
64,	1856,	0.311847,	24 6 2 15 3 7 28 0 31 26 19 21 4 25 11 17 18 14 1 13 23 8 9 16 10 22 20 27 12 5 29 30 
46,	2003,	0.311847,	7 18 23 4 28 15 3 19 2 8 10 31 12 11 9 16 24 17 0 26 1 25 29 5 21 27 30 14 22 20 13 6 
16,	1902,	0.311847,	31 4 5 17 6 12 9 19 24 23 30 0 26 10 28 29 2 13 8 21 15 1 18 14 3 22 11 16 27 7 20 25 
64,	2030,	0.311847,	31 5 14 17 29 19 16 30 25 6 9 28 1 18 22 10 21 23 7 3 8 12 27 13 20 0 4 26 2 24 15 11 
36,	2041,	0.311847,	21 2 5 29 20 30 4 0 23 16 14 3 18 27 15 31 28 24 22 12 17 10 11 9 25 13 7 6 19 26 8 1 
46,	2038,	0.311847,	18 7 20 22 4 10 13 24 0 14 12 31 3 9 27 6 29 26 21 17 30 28 2 1 15 11 16 23 8 19 25 5 
54,	2041,	0.311847,	22 11 5 1 29 10 9 23 16 2 4 28 3 8 24 17 26 13 27 30 7 6 0 25 31 15 21 20 14 12 19 18 
66,	2036,	0.311847,	29 13 22 10 27 28 15 21 8 14 12 3 24 4 6 5 26 25 2 30 23 16 7 19 1 9 20 11 31 18 17 0 
44,	2030,	0.311847,	15 12 2 18 28 21 4 31 29 23 26 9 3 20 17 10 8 14 6 7 11 22 16 25 5 24 0 1 30 27 19 13 
48,	2045,	0.311847,	5 27 13 20 30 16 23 21 12 6 10 1 0 22 9 28 29 25 11 19 2 24 3 15 4 31 7 8 26 14 18 17 
44,	2056,	0.311847,	27 6 31 12 30 2 0 10 14 8 13 25 26 9 1 5 28 18 20 23 7 15 11 29 17 19 3 21 22 4 16 24 
26,	2039,	0.311847,	5 15 24 14 10 12 7 1 9 18 11 25 30 8 3 0 17 4 21 20 26 28 23 6 29 2 27 13 16 19 31 22 
42,	2052,	0.311847,	27 5 8 26 24 20 19 15 14 2 11 7 10 21 3 12 30 31 16 23 0 9 28 1 6 22 13 4 25 29 17 18 
44,	2049,	0.311847,	25 15 27 6 23 20 30 1 8 26 22 2 17 10 19 29 4 13 18 11 9 12 5 31 3 16 0 14 24 28 7 21 
60,	2042,	0.311847,	25 4 7 11 16 31 24 19 21 2 27 12 14 23 8 17 0 1 20 28 13 6 18 3 29 30 10 26 9 15 22 5 
46,	2041,	0.311847,	26 15 12 14 8 10 17 11 22 29 19 28 9 13 27 6 16 2 18 30 20 31 24 4 7 23 25 3 21 1 5 0 
40,	2053,	0.311847,	27 5 15 26 6 12 0 10 7 29 4 21 28 24 2 8 17 31 18 11 9 23 25 3 1 13 20 30 14 22 19 16 
56,	2022,	0.311847,	9 24 16 15 7 30 22 27 14 26 12 21 11 25 5 28 8 20 13 23 31 10 6 17 18 3 4 2 29 1 19 0 
44,	2048,	0.311847,	27 19 20 25 12 8 0 9 16 31 3 22 17 23 4 24 26 1 28 21 5 11 6 15 13 10 2 30 7 14 29 18 
34,	2034,	0.311847,	11 15 17 31 20 12 4 24 16 13 10 27 5 9 22 6 19 26 0 29 14 25 8 21 28 1 7 3 23 2 18 30 
44,	2055,	0.311847,	15 1 4 18 31 22 19 16 29 10 12 5 2 14 27 21 13 25 7 8 26 20 30 17 24 0 11 23 28 9 6 3 
44,	2048,	0.311847,	21 5 31 6 13 18 26 27 19 9 12 29 30 0 17 8 1 16 2 28 7 25 15 23 14 3 4 20 22 10 24 11 
64,	2053,	0.311847,	20 12 7 28 8 29 22 9 17 16 21 1 5 19 6 10 25 31 27 4 26 14 11 15 30 0 13 23 24 3 18 2 
28,	2025,	0.311847,	25 4 19 0 13 28 14 7 24 18 21 10 11 6 22 30 31 16 12 2 5 27 23 29 3 8 20 17 9 15 1 26 
38,	2028,	0.311847,	22 1 4 29 16 28 14 21 0 13 20 25 27 10 12 5 19 30 23 31 26 9 11 6 18 3 15 17 2 24 8 7 
58,	2026,	0.311847,	27 1 3 11 12 2 18 8 28 5 17 31 21 29 22 10 0 19 15 24 25 14 16 26 7 30 13 4 6 23 9 20 
48,	2033,	0.311847,	15 6 19 4 8 25 1 10 23 9 31 5 18 2 3 14 30 0 21 27 29 20 17 28 16 26 24 11 22 13 7 12 
62,	2034,	0.311847,	17 12 28 1 23 5 14 21 6 4 11 3 2 20 10 26 13 15 7 16 8 27 0 9 31 29 22 30 25 24 18 19 
48,	2034,	0.311847,	3 15 23 1 29 10 13 17 5 12 0 26 22 7 31 2 8 4 30 28 16 24 11 27 19 18 9 14 21 20 6 25 
42,	1895,	0.311847,	13 7 21 23 14 26 24 31 27 16 4 12 22 10 5 18 29 17 9 2 3 11 6 30 15 1 28 25 20 19 0 8 
58,	1952,	0.311847,	1 30 21 16 23 5 19 14 9 3 22 15 27 11 12 0 29 31 20 6 8 7 13 28 4 18 26 10 17 2 24 25 
74,	2015,	0.311847,	26 22 14 9 19 23 25 8 20 11 13 18 29 21 15 31 17 4 5 27 7 24 0 12 1 16 3 2 28 30 6 10 
50,	2023,	0.311847,	11 22 6 5 29 19 20 16 27 0 10 17 12 28 7 1 25 4 26 18 30 31 23 2 8 15 9 3 24 21 14 13 
44,	2024,	0.311847,	3 1 5 28 9 27 21 18 4 15 24 12 16 14 8 22 11 26 7 31 29 6 20 25 19 0 17 13 23 2 10 30 
24,	2003,	0.311847,	2 27 1 23 26 20 28 11 21 12 4 31 0 3 10 6 8 25 30 19 17 9 22 13 24 15 16 7 18 29 5 14 
70,	2016,	0.311847,	20 23 10 0 2 5 21 4 16 25 9 30 22 24 12 27 8 26 14 6 18 11 13 1 15 3 17 31 19 28 7 29 
44,	2005,	0.311847,	16 19 13 20 9 11 15 25 17 31 22 24 30 0 10 18 2 28 7 8 12 6 1 5 21 4 29 27 26 23 3 14 
64,	1886,	0.311847,	31 25 20 14 1 9 28 2 5 24 4 17 3 16 27 23 30 21 19 7 8 13 22 12 11 10 0 6 18 26 29 15 
64,	2013,	0.311847,	12 18 27 19 14 15 31 1 20 24 16 4 9 30 7 25 6 23 21 10 3 2 5 28 17 26 22 13 8 11 0 29 
48,	2048,	0.311847,	1 11 12 5 9 26 2 16 7 17 27 21 0 19 24 31 28 22 20 4 14 15 3 25 10 23 8 29 18 13 6 30 
22,	2019,	0.311847,	16 4 13 22 25 17 2 20 8 12 30 24 27 11 26 21 23 14 7 15 3 1 5 18 29 19 31 9 0 6 10 28 
60,	2002,	0.311847,	21 18 15 5 13 11 31 19 0 27 22 29 10 16 28 9 1 30 8 6 14 7 24 3 12 4 23 17 20 26 25 2 
34,	2020,	0.311847,	4 7 25 20 23 1 14 19 30 11 2 24 5 0 28 13 15 9 6 26 18 29 12 16 22 8 10 21 31 27 17 3 
42,	2039,	0.311847,	2 16 6 30 21 9 29 25 13 1 8 12 14 27 3 26 28 24 15 4 17 11 5 23 10 18 0 19 20 31 7 22 
44,	2013,	0.311847,	26 18 25 17 24 14 5 8 3 10 20 30 2 19 31 15 4 12 13 23 7 16 22 27 21 28 29 1 6 11 0 9 
44,	2037,	0.311847,	29 2 31 23 10 18 22 3 19 0 12 20 6 30 16 14 24 7 28 1 25 8 13 11 15 9 17 21 27 4 26 5 
46,	2053,	0.311847,	5 9 8 6 21 29 27 13 14 16 12 3 18 17 23 11 24 19 30 10 0 7 1 31 25 22 20 28 26 2 4 15 
58,	2051,	0.311847,	13 2 16 18 7 19 8 31 22 28 27 21 9 5 24 4 20 1 6 10 17 15 3 14 23 26 29 30 12 25 11 0 
74,	2050,	0.311847,	19 1 12 14 18 11 26 10 30 6 15 4 23 0 20 3 13 7 25 24 31 8 16 5 2 27 22 17 28 9 21 29 
44,	2045,	0.311847,	10 25 9 23 6 16 7 24 26 20 13 5 21 18 0 19 11 8 2 4 14 15 27 28 29 22 1 17 31 3 30 12 
12,	2055,	0.311847,	8 31 14 15 6 4 28 10 13 1 27 16 25 24 19 9 11 3 29 0 26 12 17 21 30 7 22 18 23 20 2 5 
58,	2009,	0.311847,	9 24 27 11 14 28 31 17 8 12 15 21 19 20 5 0 30 10 1 26 4 3 25 7 22 2 16 29 23 18 6 13 
52,	1870,	0.311847,	22 5 18 26 23 20 1 15 13 0 6 16 11 9 14 17 27 30 19 3 7 2 10 21 29 24 31 25 12 28 8 4 
30,	1838,	0.311847,	15 14 13 10 7 3 24 17 1 29 21 4 5 23 30 27 16 28 19 12 11 8 2 22 6 9 18 25 20 31 26 0 
80,	2004,	0.311847,	17 11 10 23 1 25 30 14 20 27 12 7 2 24 21 31 22 9 3 6 15 19 28 29 16 8 13 0 18 4 26 5 
58,	1972,	0.311847,	26 12 30 11 6 25 2 3 9 10 1 29 21 27 8 22 23 0 24 28 14 15 5 31 20 13 17 18 7 19 4 16 
24,	1703,	0.311847,	1 31 3 21 19 25 9 0 24 14 27 30 7 18 15 26 5 17 8 29 16 28 22 4 12 2 20 11 10 6 13 23 
58,	2032,	0.311847,	2 8 27 6 3 5 4 16 26 19 0 31 29 13 22 21 20 24 11 14 1 10 7 15 23 9 18 28 12 30 17 25 
42,	2006,	0.311847,	9 19 25 26 8 6 31 22 3 1 12 14 17 30 7 21 28 11 18 15 13 29 0 20 27 10 23 4 24 5 16 2 
62,	2012,	0.311847,	30 16 28 20 23 8 11 7 5 29 15 9 26 13 3 2 21 31 0 10 1 24 18 22 14 27 25 19 4 17 12 6 
48,	2048,	0.311847,	8 24 12 17 23 1 14 2 11 6 3 30 26 4 21 10 15 31 28 7 13 0 5 18 16 19 20 29 22 9 27 25 
34,	2054,	0.311847,	2 24 19 30 22 12 16 29 9 1 13 26 21 4 11 17 6 10 28 8 7 14 3 23 27 5 25 31 0 15 18 20 
28,	2035,	0.311847,	4 18 22 20 3 23 12 29 11 6 7 1 21 30 26 8 27 0 13 10 5 16 28 31 2 24 14 25 17 19 9 15 
28,	2037,	0.311847,	16 1 12 20 11 5 10 29 19 26 27 2 17 25 13 21 31 14 0 4 23 7 24 6 22 28 3 9 18 30 15 8 
32,	2043,	0.311847,	17 28 3 6 23 12 21 27 5 1 29 2 16 31 4 0 11 26 7 14 19 20 24 18 15 25 10 8 9 13 30 22 
48,	2047,	0.311847,	2 29 24 8 16 9 6 1 14 18 27 11 17 22 13 19 12 21 28 31 5 10 15 0 30 7 3 23 20 26 25 4 
18,	2041,	0.311847,	7 9 29 12 26 3 4 17 15 28 8 14 23 21 5 10 19 31 1 30 16 20 6 25 27 18 0 13 22 11 24 2 
60,	2046,	0.311847,	26 10 20 3 24 4 21 1 15 7 0 27 9 18 17 23 16 25 13 2 5 30 11 12 22 8 14 31 19 28 29 6 
26,	2040,	0.311847,	24 29 13 21 27 14 9 11 0 19 8 30 2 18 1 31 16 20 12 28 23 4 25 3 15 26 6 7 17 10 5 22 
70,	2042,	0.311847,	7 21 27 30 4 2 31 19 29 12 25 5 6 20 3 15 28 10 8 16 14 11 22 13 17 24 0 23 26 9 1 18 
66,	2026,	0.311847,	2 3 6 19 15 30 27 29 16 0 18 24 23 26 4 10 12 11 20 17 8 25 31 21 14 28 9 7 5 1 13 22 
60,	2044,	0.311847,	28 19 14 23 4 5 1 20 11 3 10 22 26 25 31 7 2 6 16 24 27 9 30 29 0 13 15 8 12 21 18 17 
22,	2037,	0.311847,	28 4 12 21 31 18 6 24 19 5 26 1 30 0 17 22 25 10 14 11 8 7 15 13 2 20 16 3 23 9 27 29 
36,	2043,	0.311847,	30 22 24 26 13 4 15 1 27 18 28 2 8 0 31 3 6 17 12 29 5 10 16 20 7 11 23 25 9 21 14 19 
36,	2033,	0.311847,	6 7 17 26 13 4 8 15 14 19 5 29 9 0 22 12 1 31 2 21 28 20 3 16 11 25 30 23 27 24 18 10 
90,	2042,	0.311847,	3 5 30 26 25 17 28 19 18 23 0 11 31 10 4 16 13 29 15 2 1 12 22 7 24 20 21 8 27 14 9 6 
48,	2054,	0.311847,	19 25 20 13 1 26 10 11 3 0 15 29 18 5 28 27 6 24 12 9 30 31 8 14 23 21 2 17 4 7 16 22 
48,	2044,	0.311847,	30 26 12 13 1 29 25 11 4 5 21 7 23 16 27 0 10 20 24 9 17 8 14 22 3 6 19 15 18 2 31 28 
54,	2043,	0.311847,	22 0 30 31 12 9 8 20 5 6 3 26 28 1 21 15 29 18 2 7 16 25 17 23 19 4 10 14 13 27 24 11 
40,	2015,	0.311847,	19 17 31 28 0 12 16 23 29 4 24 27 21 5 6 26 20 14 30 22 3 18 8 7 9 13 10 1 11 2 15 25 
36,	2033,	0.311847,	3 25 19 24 6 0 16 31 8 2 17 22 10 13 29 20 11 23 1 5 9 4 26 30 15 12 18 14 7 27 21 28 
20,	2032,	0.311847,	10 2 17 9 4 16 23 11 27 18 31 5 30 12 26 8 1 7 19 21 3 14 20 0 6 28 15 29 22 25 24 13 
38,	1991,	0.311847,	25 15 16 9 31 13 18 30 7 0 5 19 12 23 8 26 11 14 17 6 21 24 28 1 29 20 3 4 22 27 2 10 
48,	2007,	0.311847,	6 4 25 17 5 0 31 12 29 22 21 20 8 3 9 26 7 16 27 14 28 13 2 1 24 30 11 10 18 19 23 15 
58,	2047,	0.311847,	23 28 20 29 6 22 7 18 25 31 8 13 17 27 12 30 21 16 24 0 14 5 3 19 1 11 9 26 15 10 2 4 
70,	2054,	0.311847,	17 0 21 19 8 10 6 16 28 26 7 15 24 12 1 30 14 4 29 23 9 31 25 27 22 11 3 13 5 20 2 18 
56,	2057,	0.311847,	18 26 6 28 10 15 25 9 30 13 20 0 11 14 2 24 3 31 7 22 12 5 17 1 23 19 16 27 8 4 21 29 
62,	2046,	0.311847,	3 0 9 4 28 29 14 8 18 30 20 21 15 24 31 17 11 7 23 12 25 22 27 13 2 16 10 5 1 6 19 26 
56,	2053,	0.311847,	23 9 12 1 28 18 17 13 6 7 3 10 0 5 8 30 16 20 11 24 15 22 26 2 14 31 29 25 4 21 19 27 
52,	2037,	0.311847,	11 28 3 27 30 5 21 17 18 1 8 13 25 9 6 26 22 31 2 19 20 0 29 16 12 15 4 10 23 7 14 24 
46,	2046,	0.311847,	7 25 9 4 21 1 17 24 26 27 3 5 13 10 20 6 16 30 23 8 19 11 14 18 29 0 2 31 22 28 15 12 
50,	2049,	0.311847,	2 6 12 26 4 24 30 15 28 0 14 5 13 18 16 19 31 21 10 3 25 22 9 27 11 7 8 29 20 23 1 17 
52,	2043,	0.311847,	27 12 0 1 23 13 26 30 28 18 9 2 11 19 21 6 17 4 15 14 20 7 29 25 31 5 24 10 22 8 3 16 
66,	2041,	0.311847,	4 8 6 5 22 14 3 25 27 20 31 23 1 0 21 13 18 9 12 26 11 24 2 15 7 19 29 17 30 10 16 28 
54,	2049,	0.311847,	18 4 25 14 17 26 7 15 8 9 28 19 16 21 10 12 24 20 2 13 30 22 23 29 3 27 11 6 5 1 0 31 
80,	2050,	0.311847,	5 14 31 26 11 15 16 22 4 27 8 3 19 20 24 21 9 28 30 2 10 1 7 12 17 0 6 25 23 18 13 29 
58,	2040,	0.311847,	22 1 5 6 3 31 18 21 20 9 28 0 30 16 14 19 25 8 7 27 2 11 29 10 17 12 4 26 15 13 23 24 
26,	2054,	0.311847,	7 18 5 21 28 16 14 30 25 13 23 8 22 24 29 20 11 9 15 1 0 26 27 6 3 17 2 31 19 12 10 4 
48,	2040,	0.311847,	24 31 1 6 17 26 2 21 14 8 18 27 19 12 22 20 3 16 7 4 30 13 5 29 11 9 25 0 15 10 28 23 
50,	2049,	0.311847,	10 22 0 6 20 19 13 4 27 5 16 15 11 12 21 18 28 30 2 26 1 3 23 17 14 9 31 8 25 24 29 7 
24,	2036,	0.311847,	9 14 22 6 4 11 21 29 31 2 26 27 23 13 19 17 28 24 5 20 1 16 8 0 7 10 30 3 18 15 25 12 
46,	2056,	0.311847,	11 29 14 8 20 10 9 12 1 2 19 15 26 0 17 21 6 23 27 4 3 31 24 16 7 13 30 5 22 25 28 18 
46,	2051,	0.311847,	26 10 7 23 21 30 5 0 8 27 4 20 28 16 24 13 29 6 31 22 17 18 14 3 19 1 12 11 15 2 25 9 
76,	2056,	0.311847,	9 17 1 30 15 19 20 2 7 11 13 0 28 27 14 6 23 29 25 3 8 26 16 12 5 24 10 4 22 21 18 31 
44,	2013,	0.311847,	17 4 20 0 19 31 7 13 9 22 27 28 10 14 11 29 23 26 12 8 5 25 16 30 21 6 18 24 3 2 1 15 
42,	2052,	0.311847,	25 20 29 6 0 17 19 31 16 8 10 9 3 15 24 11 14 21 1 30 4 13 7 28 12 26 2 23 27 22 5 18 
70,	2046,	0.311847,	4 29 10 9 8 3 5 19 25 14 24 23 16 21 28 6 15 11 30 17 2 0 20 22 13 7 18 12 1 26 27 31 
70,	2049,	0.311847,	7 11 9 5 18 31 21 20 23 29 27 8 2 13 26 6 10 0 24 25 22 16 4 17 15 12 1 3 30 14 28 19 
62,	2043,	0.311847,	16 27 12 17 5 7 8 9 25 30 13 29 23 3 28 11 1 10 4 21 15 6 22 0 31 24 14 26 2 19 20 18 
46,	2031,	0.311847,	2 6 29 23 8 1 19 7 3 18 25 31 9 21 0 14 13 15 22 28 30 20 27 17 5 10 16 12 4 11 26 24 
50,	2025,	0.311847,	0 6 12 5 23 13 2 17 10 20 8 25 11 4 19 3 27 7 22 30 1 15 21 14 29 18 26 31 9 16 24 28 
56,	1976,	0.311847,	6 23 25 11 31 29 19 9 10 0 24 1 2 5 27 13 16 14 20 26 15 18 28 7 4 21 17 3 12 30 22 8 
40,	1861,	0.311847,	14 28 9 24 21 20 22 7 15 0 18 6 16 27 3 30 10 19 31 11 25 12 5 8 17 1 4 26 29 13 23 2 
66,	1920,	0.311847,	30 26 10 3 31 23 2 1 25 11 0 6 16 7 19 24 12 15 27 21 8 5 18 4 17 28 9 13 29 22 14 20 
26,	1981,	0.311847,	14 9 8 10 17 2 18 20 21 11 12 22 5 15 19 29 30 1 24 3 23 27 7 13 0 6 28 16 25 31 26 4 
22,	2002,	0.311847,	28 1 23 2 21 24 6 0 20 25 17 8 11 13 26 7 16 27 3 31 15 9 4 19 30 12 5 18 22 29 14 10 
58,	2026,	0.311847,	26 10 20 7 0 22 31 30 4 14 23 29 11 24 28 3 16 2 19 5 25 21 12 13 8 18 27 17 9 6 15 1 
48,	2033,	0.311847,	15 26 2 7 4 1 5 3 17 14 21 6 16 27 12 10 9 30 22 18 29 8 11 31 23 28 20 24 25 0 13 19 
28,	2044,	0.311847,	1 15 24 27 30 6 28 3 7 26 2 17 9 25 16 31 13 29 20 23 11 14 18 4 12 5 19 21 0 8 22 10 
46,	2054,	0.311847,	3 17 26 13 10 31 24 4 5 6 28 21 11 27 8 20 15 29 12 1 14 25 19 0 23 18 7 22 16 9 30 2 
64,	2055,	0.311847,	31 21 12 26 10 24 27 2 25 11 0 17 1 22 18 30 15 8 20 13 6 4 16 19 23 14 28 9 5 29 7 3 
22,	2046,	0.311847,	11 13 8 14 18 26 17 6 4 28 0 2 19 21 15 10 12 1 20 5 3 25 16 7 27 23 24 30 22 31 9 29 
52,	2052,	0.311847,	26 8 27 13 19 5 29 25 31 18 17 16 10 2 6 1 12 21 3 22 28 0 20 15 23 9 4 7 11 30 24 14 
84,	2051,	0.311847,	18 26 9 3 4 29 13 16 12 8 22 14 23 10 11 21 5 7 2 25 17 19 15 27 31 24 20 30 1 6 28 0 
22,	2043,	0.311847,	28 16 19 17 1 10 5 2 23 0 7 13 8 14 26 31 18 27 9 25 15 3 30 29 21 6 22 20 11 4 12 24 
58,	2055,	0.311847,	7 26 4 20 15 6 13 5 9 3 30 25 29 1 19 31 11 22 10 24 28 18 0 17 8 23 16 2 21 14 27 12 
84,	2046,	0.311847,	17 31 21 7 13 5 30 24 2 23 8 3 29 19 27 10 28 0 1 15 9 20 16 4 6 18 22 14 25 26 11 12 
32,	2047,	0.311847,	2 26 30 21 6 1 8 10 11 27 28 31 5 14 20 17 25 9 12 29 16 19 22 0 7 4 13 3 23 18 15 24 
50,	2047,	0.311847,	19 5 9 6 27 24 17 21 20 10 2 29 14 1 25 3 23 16 15 0 7 8 11 28 12 4 22 30 31 26 18 13 
70,	2054,	0.311847,	4 22 15 2 8 24 6 28 14 18 12 1 26 17 20 13 3 29 16 19 5 7 31 23 21 25 9 30 10 27 0 11 
22,	2047,	0.311847,	21 6 0 28 13 29 17 18 23 4 11 2 3 31 22 15 25 12 16 14 30 24 9 7 19 8 10 20 5 1 27 26 
30,	2054,	0.311847,	12 28 29 13 10 1 6 9 16 14 24 20 23 19 0 17 8 11 31 3 2 5 21 22 18 4 7 26 30 27 15 25 
34,	2045,	0.311847,	29 3 22 31 14 16 1 17 5 12 8 10 0 24 25 28 21 2 4 9 19 15 18 27 20 30 13 23 6 7 26 11 
30,	2054,	0.311847,	26 23 9 16 24 27 30 17 11 15 14 25 12 6 20 18 21 8 19 10 7 1 4 29 0 22 5 3 28 2 31 13 
76,	2043,	0.311847,	14 29 2 17 28 6 21 24 23 3 19 31 5 25 10 13 0 12 11 18 1 22 30 20 26 7 27 15 4 16 9 8 
46,	2055,	0.311847,	7 23 15 21 22 31 12 19 8 20 28 3 27 26 17 2 25 13 1 10 9 5 0 24 16 14 18 11 6 30 4 29 
50,	2053,	0.311847,	20 15 4 19 16 13 17 3 26 21 14 0 18 24 27 2 29 31 30 23 12 28 8 22 9 1 5 10 7 6 25 11 
46,	2046,	0.311847,	16 18 24 6 15 27 10 29 26 28 5 13 9 12 2 14 1 4 20 0 19 8 11 22 3 23 21 17 31 25 30 7 
26,	2057,	0.311847,	21 9 22 7 1 28 17 4 0 15 13 24 23 31 11 5 25 14 3 12 26 8 10 2 30 29 20 6 27 16 18 19 
42,	2049,	0.311847,	9 14 27 20 25 5 26 19 16 8 23 17 31 6 28 3 15 12 29 4 13 21 2 22 30 10 24 18 1 0 7 11 
