52,	0.202,	0.204688,	496,	52,	14 12 24 6 0 2 19 31 23 28 29 16 11 27 13 4 7 21 8 25 18 10 15 5 17 30 22 26 20 3 9 1 
64,	0.201,	0.204688,	496,	64,	30 1 21 20 19 4 25 24 3 6 11 8 2 17 18 16 9 15 28 0 5 7 13 26 12 10 29 27 23 22 14 31 
52,	0.202,	0.204688,	496,	52,	29 0 10 21 7 14 9 5 1 24 23 4 11 28 22 13 15 2 31 26 16 19 3 30 12 6 18 20 25 8 17 27 
56,	0.202,	0.204688,	496,	56,	20 9 11 2 0 30 24 15 27 5 22 31 3 6 16 12 1 19 10 13 4 18 7 23 25 17 21 29 26 28 14 8 
18,	0.202,	0.204688,	496,	18,	11 25 18 9 13 22 2 12 1 14 26 29 20 28 15 8 6 23 16 31 24 30 5 7 19 4 17 0 10 27 3 21 
42,	0.202,	0.204688,	496,	42,	9 12 31 8 11 5 13 7 3 0 20 15 19 4 30 21 24 26 1 27 6 10 18 28 16 25 2 17 14 29 22 23 
50,	0.203,	0.204688,	496,	50,	22 26 20 29 25 0 11 17 31 12 27 1 3 30 24 28 23 5 7 16 2 9 10 15 6 21 14 19 18 13 8 4 
66,	0.203,	0.204688,	496,	66,	28 23 20 21 4 10 14 12 24 0 11 7 13 17 15 3 31 6 5 19 25 30 27 29 16 2 1 9 22 26 18 8 
28,	0.202,	0.204688,	496,	28,	0 21 17 28 20 16 11 12 3 4 2 31 30 22 5 19 15 23 26 6 10 29 24 8 9 14 13 1 7 18 27 25 
54,	0.202,	0.204688,	496,	54,	13 4 6 21 16 28 14 9 11 2 5 18 31 20 3 7 25 22 0 12 30 8 10 23 29 1 27 19 26 15 17 24 
40,	0.202,	0.204688,	496,	40,	8 13 18 24 4 23 12 28 30 7 9 27 15 3 0 22 1 25 29 11 10 20 14 19 21 17 6 16 31 26 5 2 
52,	0.201,	0.204688,	496,	52,	28 27 31 21 25 26 18 20 16 10 2 1 0 15 19 30 23 5 14 29 8 6 24 22 7 11 12 9 17 13 4 3 
28,	0.202,	0.204688,	496,	28,	15 19 23 8 30 27 28 16 14 13 11 0 7 26 22 20 1 6 12 18 3 10 5 25 24 4 31 17 2 29 21 9 
72,	0.202,	0.204688,	496,	72,	9 24 23 0 21 20 19 29 4 26 8 16 13 17 1 6 14 28 5 2 7 3 22 12 11 10 30 25 27 31 18 15 
78,	0.203,	0.204688,	496,	78,	19 10 5 28 16 12 2 17 4 29 7 23 24 11 0 9 15 27 31 14 3 21 25 1 18 30 22 8 13 26 6 20 
20,	0.203,	0.204688,	496,	20,	21 5 20 26 4 24 0 23 6 18 25 30 27 31 22 17 11 19 2 7 12 1 29 16 14 10 28 8 9 3 13 15 
78,	0.203,	0.204688,	496,	78,	22 3 31 0 7 16 12 23 18 26 27 28 9 21 11 17 29 25 19 30 1 20 2 15 14 10 13 8 4 6 24 5 
60,	0.201,	0.204688,	496,	60,	31 26 6 30 8 1 4 29 22 11 17 27 9 2 14 13 7 10 21 23 3 28 12 24 0 5 16 18 19 25 15 20 
44,	0.204,	0.204688,	496,	44,	23 0 4 2 21 29 17 26 5 31 28 8 20 27 1 25 6 30 3 12 22 16 7 11 18 13 14 10 19 24 9 15 
74,	0.205,	0.204688,	496,	74,	7 4 0 9 3 15 5 12 25 8 13 20 23 27 31 21 29 30 26 16 22 18 19 1 2 6 17 28 10 11 24 14 
34,	0.202,	0.204688,	496,	34,	23 19 16 3 13 25 29 14 31 11 22 6 12 20 1 18 15 17 30 8 21 9 10 27 7 24 28 5 26 0 2 4 
38,	0.202,	0.204688,	496,	38,	14 26 27 13 0 11 12 8 10 6 18 30 31 19 15 17 24 23 9 2 3 1 28 16 25 29 20 4 21 7 5 22 
72,	0.203,	0.204688,	496,	72,	20 0 3 26 27 9 13 17 6 29 14 7 31 16 11 12 23 28 10 2 8 1 25 19 22 4 15 18 30 5 24 21 
64,	0.202,	0.204688,	496,	64,	18 8 29 21 3 17 23 26 5 16 19 14 2 11 4 13 15 7 1 25 12 6 22 9 30 24 28 27 31 20 10 0 
58,	0.202,	0.204688,	496,	58,	16 23 0 14 3 4 29 31 21 5 9 24 26 7 17 12 11 22 1 15 27 8 10 19 28 25 13 6 2 30 18 20 
48,	0.206,	0.204688,	496,	48,	21 8 2 13 25 5 27 11 6 3 24 23 26 31 16 19 22 18 29 17 12 9 20 15 10 4 14 30 1 7 0 28 
46,	0.203,	0.204688,	496,	46,	10 25 30 16 14 20 8 6 9 15 29 24 21 28 4 2 22 27 17 7 0 19 13 31 5 3 12 11 18 26 1 23 
40,	0.202,	0.204688,	496,	40,	23 5 25 2 12 14 27 0 6 17 4 16 30 15 9 29 31 8 11 1 26 20 18 21 10 7 19 13 28 3 24 22 
44,	0.205,	0.204688,	496,	44,	3 28 18 1 7 25 2 10 20 31 24 15 17 0 30 29 19 4 11 16 14 12 23 9 22 6 8 13 21 26 5 27 
72,	0.204,	0.204688,	496,	72,	22 21 25 29 14 31 16 15 11 7 28 1 4 2 30 27 26 6 23 17 19 24 3 0 18 20 5 12 13 8 10 9 
40,	0.202,	0.204688,	496,	40,	25 1 19 23 18 20 2 21 5 7 6 10 17 27 8 9 30 4 16 13 15 24 12 11 22 26 3 0 29 31 28 14 
52,	0.202,	0.204688,	496,	52,	20 7 31 9 27 6 25 8 15 17 12 23 28 19 5 22 26 24 30 18 3 4 11 2 14 29 16 21 10 1 0 13 
66,	0.204,	0.204688,	496,	66,	14 22 13 19 11 9 10 29 20 28 4 1 30 17 3 5 15 6 25 26 16 0 31 24 2 7 18 21 8 12 23 27 
68,	0.203,	0.204688,	496,	68,	16 18 28 30 13 0 5 1 10 29 8 19 21 26 17 23 4 14 20 25 15 7 6 11 22 3 12 27 9 2 24 31 
42,	0.202,	0.204688,	496,	42,	1 2 25 15 7 19 13 12 31 8 17 10 16 24 28 23 18 20 0 22 27 21 6 11 3 30 4 9 29 26 14 5 
32,	0.202,	0.204688,	496,	32,	10 3 8 9 18 24 29 7 31 0 26 30 27 23 11 12 22 19 20 25 17 6 16 28 4 5 15 13 1 21 14 2 
48,	0.202,	0.204688,	496,	48,	18 19 9 29 25 1 31 16 21 23 10 14 22 11 26 15 7 6 28 3 4 17 8 20 2 24 27 13 0 12 30 5 
44,	0.204,	0.204688,	496,	44,	3 15 6 18 13 31 9 14 1 19 0 21 2 25 23 26 10 5 7 17 28 4 22 29 8 27 16 11 12 20 24 30 
78,	0.201,	0.204688,	496,	78,	2 14 30 22 9 0 5 19 15 3 6 13 23 11 7 16 26 4 25 27 10 20 21 31 24 28 29 8 1 17 18 12 
56,	0.202,	0.204688,	496,	56,	25 5 13 28 2 12 14 24 31 27 21 23 16 29 17 3 22 8 0 26 1 10 18 4 7 11 15 6 9 19 30 20 
62,	0.202,	0.204688,	496,	62,	16 5 0 24 7 13 31 18 23 22 4 28 2 9 19 14 8 25 12 3 27 21 6 29 26 17 30 11 1 10 15 20 
40,	0.202,	0.204688,	496,	40,	14 28 31 21 25 13 17 27 1 6 20 29 4 11 3 16 9 5 18 23 26 15 30 2 10 8 19 24 12 0 22 7 
82,	0.202,	0.204688,	496,	82,	28 24 9 10 12 20 14 8 13 18 15 2 16 27 22 5 23 26 19 29 7 25 3 6 21 30 0 4 17 31 1 11 
56,	0.21,	0.204688,	496,	56,	1 0 7 6 15 18 17 14 19 20 22 11 10 13 16 4 26 25 30 21 12 9 24 3 8 28 5 2 27 31 29 23 
82,	0.206,	0.204688,	496,	82,	6 26 2 5 23 0 31 18 10 13 17 11 16 24 7 15 1 3 8 28 4 20 27 9 12 30 22 21 14 29 19 25 
78,	0.201,	0.204688,	496,	78,	19 11 22 24 7 25 15 10 28 23 2 9 30 21 20 16 1 14 3 17 6 5 29 26 31 13 8 4 12 18 0 27 
80,	0.202,	0.204688,	496,	80,	15 31 6 5 4 30 14 28 21 16 11 23 24 12 27 29 3 8 18 22 0 2 26 9 17 25 20 13 10 7 1 19 
64,	0.201,	0.204688,	496,	64,	3 6 28 27 17 8 9 11 0 1 12 20 2 22 10 31 19 23 7 24 30 21 4 13 26 16 29 15 18 25 14 5 
50,	0.201,	0.204688,	496,	50,	22 6 26 7 3 8 12 18 31 16 5 25 10 20 0 4 23 19 15 29 30 2 17 27 1 11 24 9 14 13 21 28 
50,	0.202,	0.204688,	496,	50,	17 10 18 27 29 11 2 26 5 13 30 0 20 16 8 15 1 7 28 6 22 14 4 12 21 23 25 19 31 24 3 9 
58,	0.202,	0.204688,	496,	58,	27 3 28 6 13 5 26 24 21 0 14 30 16 17 11 25 2 1 15 23 10 7 29 4 8 20 9 12 18 19 22 31 
56,	0.202,	0.204688,	496,	56,	29 4 26 2 25 0 16 6 7 30 19 12 3 9 27 11 15 13 14 8 21 5 18 1 10 17 28 23 24 31 20 22 
66,	0.202,	0.204688,	496,	66,	30 23 18 27 5 22 17 24 11 13 10 0 26 3 7 9 15 1 8 29 20 2 31 16 28 6 19 12 21 4 14 25 
68,	0.202,	0.204688,	496,	68,	7 12 16 25 2 18 3 29 0 22 23 17 5 26 30 31 11 19 9 13 27 14 28 20 15 6 10 4 1 21 24 8 
46,	0.205,	0.204688,	496,	46,	0 6 31 8 7 10 21 15 24 2 9 12 28 5 23 13 11 20 14 22 25 29 4 17 19 30 18 27 16 26 1 3 
64,	0.203,	0.204688,	496,	64,	16 11 17 15 1 22 21 14 7 3 29 0 13 31 8 28 5 20 6 10 4 25 12 30 9 19 27 24 18 23 2 26 
36,	0.202,	0.204688,	496,	36,	0 31 19 4 3 13 6 10 1 11 9 7 17 26 12 8 28 30 22 24 15 16 29 18 2 20 25 14 21 23 27 5 
38,	0.203,	0.204688,	496,	38,	23 30 5 14 2 1 27 11 20 19 0 17 7 9 10 29 28 6 24 22 21 16 15 26 31 3 13 25 12 18 8 4 
54,	0.203,	0.204688,	496,	54,	30 6 24 10 22 13 11 21 17 18 20 26 0 25 16 23 12 29 8 1 9 5 7 28 31 2 4 14 19 27 3 15 
38,	0.202,	0.204688,	496,	38,	28 15 25 4 6 31 27 26 0 21 16 30 23 17 13 22 5 8 24 12 7 11 3 2 18 19 14 20 1 9 10 29 
26,	0.225,	0.204688,	496,	26,	26 13 15 22 19 23 11 10 8 28 20 2 21 0 29 12 27 3 25 1 5 18 4 16 24 31 7 17 9 30 14 6 
36,	0.21,	0.204688,	496,	36,	0 21 16 24 31 9 8 3 10 19 12 7 23 11 14 28 22 1 26 4 20 25 15 30 17 2 13 18 5 27 29 6 
38,	0.203,	0.204688,	496,	38,	21 22 25 9 2 14 1 7 31 29 0 8 26 3 16 28 6 24 5 11 27 4 19 20 23 30 12 18 13 17 10 15 
70,	0.213,	0.204688,	496,	70,	2 29 21 24 12 11 6 25 31 23 22 30 7 27 15 10 13 20 17 1 28 19 18 26 5 4 14 8 16 9 0 3 
42,	0.208,	0.204688,	496,	42,	14 19 22 29 11 13 0 23 8 25 28 7 21 17 24 18 16 2 27 3 31 12 5 26 20 9 30 1 4 10 6 15 
64,	0.206,	0.204688,	496,	64,	1 0 27 20 3 14 21 24 8 11 10 19 22 13 15 28 17 29 26 23 18 7 9 4 25 6 12 5 2 30 16 31 
56,	0.205,	0.204688,	496,	56,	5 7 26 0 27 16 18 21 1 19 13 23 8 11 30 4 9 25 17 14 22 28 6 12 29 20 3 15 2 24 31 10 
40,	0.207,	0.204688,	496,	40,	0 7 23 19 16 24 13 4 26 12 30 25 22 20 15 31 17 18 21 27 2 9 10 28 14 11 1 6 8 29 5 3 
70,	0.204,	0.204688,	496,	70,	26 2 20 28 25 22 23 27 1 12 13 29 7 14 9 6 8 15 24 21 17 0 30 10 19 16 3 31 4 18 11 5 
32,	0.202,	0.204688,	496,	32,	28 14 26 1 7 9 22 24 27 17 6 18 0 11 13 19 25 20 31 23 16 12 3 5 8 21 2 10 15 29 30 4 
30,	0.205,	0.204688,	496,	30,	14 6 23 13 21 2 18 7 15 8 26 10 16 11 29 3 5 25 30 9 24 31 28 17 1 0 27 19 4 12 20 22 
46,	0.205,	0.204688,	496,	46,	23 29 2 9 8 10 28 14 27 21 19 7 6 20 3 24 25 22 12 5 0 31 13 4 30 15 16 11 17 1 18 26 
68,	0.203,	0.204688,	496,	68,	0 7 26 10 11 24 4 1 19 17 2 21 30 15 12 27 31 18 14 9 8 6 23 22 13 20 25 5 28 29 3 16 
38,	0.214,	0.204688,	496,	38,	16 31 13 23 11 14 29 3 7 5 6 28 18 1 9 20 24 26 17 27 21 8 30 0 22 12 2 25 10 15 19 4 
52,	0.206,	0.204688,	496,	52,	16 6 17 14 20 26 9 11 5 28 1 30 12 24 27 21 10 31 18 19 0 7 15 4 29 3 23 8 13 25 2 22 
60,	0.203,	0.204688,	496,	60,	7 16 4 25 13 23 5 19 21 24 14 8 9 11 20 26 12 27 15 6 10 30 29 3 18 17 2 31 22 0 1 28 
52,	0.202,	0.204688,	496,	52,	30 21 10 23 15 4 19 17 14 6 9 24 8 1 5 7 2 26 20 28 18 29 12 16 3 27 13 31 11 25 0 22 
82,	0.203,	0.204688,	496,	82,	29 24 14 23 5 1 3 17 9 25 12 31 6 11 27 0 22 30 28 19 20 21 7 16 18 4 10 26 8 15 13 2 
58,	0.202,	0.204688,	496,	58,	11 23 30 0 12 10 1 19 5 17 22 9 2 13 8 25 21 15 6 28 29 3 16 7 31 18 26 14 4 20 27 24 
54,	0.203,	0.204688,	496,	54,	16 31 23 2 11 13 15 28 27 10 24 1 20 12 18 22 9 6 25 26 19 5 3 8 17 7 4 29 0 14 30 21 
38,	0.203,	0.204688,	496,	38,	22 28 11 4 15 14 18 9 2 24 29 0 10 6 23 16 13 12 30 31 7 25 26 27 19 21 5 3 20 17 1 8 
48,	0.203,	0.204688,	496,	48,	2 21 5 1 4 19 17 0 3 11 20 9 14 27 24 16 12 10 13 30 25 22 26 6 8 29 7 28 31 18 15 23 
26,	0.203,	0.204688,	496,	26,	31 10 7 28 5 25 20 13 21 19 16 30 12 14 3 6 15 2 26 0 17 9 8 23 27 1 18 4 11 24 22 29 
56,	0.203,	0.204688,	496,	56,	19 14 9 0 31 15 24 11 29 3 13 20 21 8 18 5 30 2 1 26 12 28 6 4 27 10 16 7 25 23 17 22 
76,	0.211,	0.204688,	496,	76,	6 15 9 12 21 22 17 4 7 8 31 25 5 14 20 18 0 19 10 28 1 26 30 23 2 13 11 27 29 3 16 24 
30,	0.205,	0.204688,	496,	30,	1 23 5 10 8 30 21 19 22 24 27 4 26 25 14 18 17 15 3 31 9 16 2 6 12 28 0 29 20 7 13 11 
44,	0.202,	0.204688,	496,	44,	12 15 22 8 30 3 29 1 27 7 25 0 16 23 9 11 18 28 5 21 6 19 13 4 17 31 2 24 26 14 20 10 
54,	0.202,	0.204688,	496,	54,	14 25 22 12 15 3 6 23 17 2 27 7 21 1 4 11 28 26 30 9 20 29 10 19 16 5 13 8 18 24 31 0 
40,	0.202,	0.204688,	496,	40,	15 27 28 13 19 30 9 7 21 17 4 6 1 2 10 14 29 24 0 18 5 25 26 22 16 11 20 8 23 31 3 12 
32,	0.203,	0.204688,	496,	32,	25 16 23 19 4 6 30 26 2 9 24 28 21 12 10 13 22 14 31 7 18 17 15 11 27 8 5 0 20 3 29 1 
18,	0.202,	0.204688,	496,	18,	18 22 9 30 28 15 17 6 25 5 12 0 13 24 10 2 8 21 1 20 16 29 4 23 7 3 27 26 19 11 31 14 
72,	0.21,	0.204688,	496,	72,	2 5 20 9 8 24 21 18 10 29 4 28 6 23 1 7 25 11 27 22 17 19 13 15 16 3 0 31 14 30 12 26 
58,	0.206,	0.204688,	496,	58,	18 31 24 6 19 7 11 13 4 10 23 20 22 8 15 9 2 5 27 25 14 1 29 30 12 17 0 16 3 26 21 28 
74,	0.207,	0.204688,	496,	74,	9 16 29 25 10 21 17 11 0 3 2 26 1 7 23 8 13 27 14 28 20 30 31 6 19 4 12 5 15 18 22 24 
44,	0.205,	0.204688,	496,	44,	17 16 24 13 6 10 21 11 25 3 27 20 26 22 23 7 19 29 18 15 14 9 31 8 2 5 0 1 12 28 4 30 
38,	0.204,	0.204688,	496,	38,	15 30 11 17 14 8 10 22 12 20 23 18 6 27 9 2 4 13 28 5 1 3 26 31 0 19 21 7 16 25 29 24 
58,	0.205,	0.204688,	496,	58,	13 5 22 31 7 4 28 3 12 19 26 2 23 18 16 29 1 10 11 25 24 8 30 15 21 0 14 27 20 6 9 17 
38,	0.205,	0.204688,	496,	38,	19 8 31 26 13 9 18 16 6 22 23 10 17 21 1 12 28 27 5 25 2 24 14 4 20 3 29 0 11 15 7 30 
54,	0.203,	0.204688,	496,	54,	9 14 22 3 11 15 18 16 31 6 10 17 1 0 7 4 29 12 28 26 23 25 13 21 5 27 19 2 30 20 8 24 
76,	0.203,	0.204688,	496,	76,	21 23 27 3 14 0 15 11 25 13 17 10 7 29 28 26 22 31 1 4 9 19 24 5 2 18 16 6 8 20 12 30 
54,	0.202,	0.204688,	496,	54,	2 31 22 8 21 12 9 28 5 25 1 13 7 27 20 16 24 19 14 15 6 3 29 18 23 30 4 17 10 11 26 0 
60,	0.204,	0.204688,	496,	60,	22 8 7 19 5 23 10 21 24 11 16 17 2 0 27 14 15 30 25 3 29 9 13 12 4 6 1 18 31 28 20 26 
36,	0.203,	0.204688,	496,	36,	25 1 26 22 31 13 8 14 15 24 12 11 21 18 5 4 10 23 2 6 27 7 17 29 20 0 30 19 16 3 28 9 
58,	0.204,	0.204688,	496,	58,	21 2 30 24 22 1 19 15 29 31 28 6 9 26 25 13 0 14 8 10 7 27 12 16 5 20 23 18 3 4 17 11 
48,	0.212,	0.204688,	496,	48,	15 28 19 13 29 31 23 5 7 3 17 21 22 20 16 9 18 30 26 27 1 8 11 12 6 0 4 25 24 10 2 14 
46,	0.205,	0.204688,	496,	46,	18 0 4 30 9 22 1 8 14 24 26 29 27 16 13 6 23 15 25 31 17 7 2 12 20 10 11 19 3 5 28 21 
80,	0.207,	0.204688,	496,	80,	3 23 10 7 20 28 25 1 14 16 9 24 21 11 0 18 26 27 6 15 4 19 8 22 17 2 12 13 29 5 30 31 
68,	0.204,	0.204688,	496,	68,	13 12 19 16 29 14 22 18 23 30 24 11 27 1 10 17 20 2 0 31 21 7 3 28 15 25 8 4 9 6 26 5 
44,	0.212,	0.204688,	496,	44,	22 4 29 0 3 31 13 28 18 25 7 30 12 10 17 9 27 1 21 19 23 6 26 8 24 20 2 14 5 11 15 16 
56,	0.202,	0.204688,	496,	56,	6 1 19 26 15 22 8 2 27 16 4 0 28 5 7 20 31 9 10 23 11 18 21 12 14 29 3 13 25 30 17 24 
62,	0.203,	0.204688,	496,	62,	6 3 27 15 12 24 9 13 5 19 26 23 31 4 2 10 21 8 16 29 22 1 14 30 11 20 18 28 0 7 25 17 
58,	0.202,	0.204688,	496,	58,	30 7 14 9 21 3 16 11 27 15 12 28 24 4 25 23 22 31 1 6 0 20 10 18 17 19 5 29 26 13 8 2 
44,	0.206,	0.204688,	496,	44,	21 8 24 20 23 17 13 10 14 16 1 9 27 28 22 12 5 11 4 19 30 31 29 18 3 25 6 0 26 7 15 2 
28,	0.202,	0.204688,	496,	28,	20 26 22 8 29 18 7 3 9 13 12 15 21 28 30 0 25 4 5 2 11 14 23 6 17 31 1 27 10 16 24 19 
46,	0.202,	0.204688,	496,	46,	2 20 31 12 17 30 4 15 14 5 19 24 9 6 3 22 28 25 0 23 13 7 21 11 18 8 16 10 26 27 1 29 
48,	0.202,	0.204688,	496,	48,	8 5 2 1 28 6 20 29 4 25 17 13 23 26 24 11 22 27 14 3 9 10 0 21 19 16 7 12 15 30 18 31 
42,	0.203,	0.204688,	496,	42,	14 25 20 16 5 2 7 19 3 17 29 1 26 31 27 4 21 6 13 28 18 22 23 24 30 11 8 9 15 12 0 10 
22,	0.203,	0.204688,	496,	22,	27 30 9 28 26 19 5 18 12 11 20 3 10 14 24 0 1 7 6 15 8 29 25 17 16 22 23 4 13 21 31 2 
56,	0.201,	0.204688,	496,	56,	23 27 7 26 15 30 18 5 29 12 17 2 22 20 3 31 4 28 13 14 21 8 1 6 16 10 11 19 9 24 25 0 
36,	0.202,	0.204688,	496,	36,	11 19 23 14 9 28 22 17 31 29 21 20 6 15 10 12 3 1 16 2 30 13 7 18 8 27 24 26 0 25 5 4 
50,	0.201,	0.204688,	496,	50,	31 10 28 12 11 29 27 8 9 14 18 7 30 4 26 21 5 25 24 3 19 1 6 15 16 0 23 22 17 2 13 20 
68,	0.202,	0.204688,	496,	68,	26 29 2 31 28 8 3 21 17 1 4 10 0 19 27 12 25 5 22 30 16 11 7 14 15 6 20 9 24 23 18 13 
44,	0.208,	0.204688,	496,	44,	5 9 19 25 22 29 28 30 10 7 16 4 1 17 12 2 31 18 11 20 3 24 8 6 0 27 13 14 21 26 23 15 
64,	0.203,	0.204688,	496,	64,	8 5 3 19 18 21 7 27 20 1 2 9 22 15 17 23 26 28 24 31 4 16 13 14 29 30 6 12 0 11 10 25 
50,	0.202,	0.204688,	496,	50,	10 9 24 5 23 15 8 19 0 14 6 4 3 12 1 25 29 13 16 30 2 26 18 11 22 20 28 21 17 7 27 31 
78,	0.203,	0.204688,	496,	78,	19 7 4 1 12 15 28 21 6 20 17 9 31 0 10 3 26 2 24 29 5 23 16 8 18 30 22 13 27 25 14 11 
24,	0.202,	0.204688,	496,	24,	12 13 9 6 10 16 29 25 21 11 14 15 3 27 23 2 20 0 28 24 8 17 22 1 19 5 30 26 31 18 4 7 
48,	0.203,	0.204688,	496,	48,	29 11 26 30 24 18 9 31 22 3 0 19 16 7 6 17 28 4 12 8 14 23 15 27 10 20 13 5 1 21 2 25 
50,	0.206,	0.204688,	496,	50,	13 8 11 23 7 9 17 18 30 15 14 5 26 22 10 0 25 16 29 27 28 20 31 24 2 12 21 1 19 3 6 4 
32,	0.222,	0.204688,	496,	32,	5 12 24 31 19 2 0 10 20 14 16 3 25 4 11 13 18 21 1 7 9 28 8 23 29 26 6 27 22 15 30 17 
34,	0.221,	0.204688,	496,	34,	12 25 30 24 23 28 31 27 10 1 20 18 9 16 7 0 2 14 22 6 26 17 11 4 19 21 8 29 13 5 3 15 
64,	0.204,	0.204688,	496,	64,	11 19 26 21 0 6 12 4 1 17 3 27 13 8 31 24 25 22 18 2 20 9 14 5 30 15 28 16 7 10 23 29 
58,	0.202,	0.204688,	496,	58,	10 22 13 5 21 26 31 4 17 15 7 16 8 9 11 23 18 25 6 3 27 29 20 19 2 14 1 28 0 30 12 24 
56,	0.202,	0.204688,	496,	56,	16 28 10 29 15 18 27 2 3 9 19 7 1 13 26 30 24 11 6 25 31 14 0 22 4 21 17 12 23 5 8 20 
56,	0.203,	0.204688,	496,	56,	5 30 16 20 21 0 17 15 23 3 26 31 9 22 18 2 14 25 8 13 19 29 1 12 24 7 27 10 4 11 6 28 
54,	0.205,	0.204688,	496,	54,	18 17 27 13 24 5 7 3 12 30 11 0 21 31 22 16 6 9 29 14 10 8 4 25 20 15 28 23 2 1 19 26 
38,	0.202,	0.204688,	496,	38,	31 5 24 6 15 20 7 19 11 12 25 29 22 1 16 8 2 17 3 13 10 18 28 30 26 14 21 9 23 27 4 0 
32,	0.206,	0.204688,	496,	32,	19 11 2 10 31 1 14 15 12 13 25 3 24 17 21 4 9 23 7 27 8 16 20 18 30 29 28 22 5 6 26 0 
20,	0.208,	0.204688,	496,	20,	23 12 27 18 30 8 26 11 14 9 22 2 1 6 20 0 3 19 10 7 5 29 13 21 31 4 24 15 28 17 16 25 
68,	0.203,	0.204688,	496,	68,	19 18 23 14 5 26 10 20 17 9 25 22 21 8 28 2 31 1 29 13 0 12 3 6 4 11 16 27 7 15 24 30 
36,	0.203,	0.204688,	496,	36,	14 5 8 23 28 20 31 11 6 13 12 26 1 29 30 22 3 24 19 18 25 17 9 27 10 7 15 2 21 0 4 16 
46,	0.206,	0.204688,	496,	46,	16 4 31 30 1 15 14 6 13 27 11 19 21 5 7 0 9 12 28 26 10 3 23 20 8 25 2 18 17 22 24 29 
38,	0.203,	0.204688,	496,	38,	2 18 24 17 12 4 10 9 21 26 20 13 19 25 14 7 1 29 11 8 16 6 15 28 23 27 5 22 31 30 3 0 
28,	0.205,	0.204688,	496,	28,	12 9 16 21 3 6 14 24 7 0 20 4 2 22 5 18 26 27 31 10 23 15 13 28 1 25 19 11 30 29 8 17 
16,	0.206,	0.204688,	496,	16,	21 5 20 24 7 17 27 15 10 0 9 29 3 6 8 23 14 25 11 1 12 26 4 31 22 2 13 30 19 28 16 18 
24,	0.202,	0.204688,	496,	24,	6 27 24 19 4 15 23 7 29 17 8 30 28 18 12 9 1 11 31 14 10 25 3 5 21 16 2 20 26 22 0 13 
66,	0.205,	0.204688,	496,	66,	6 2 22 12 1 25 7 10 29 14 13 19 27 23 3 0 9 31 26 18 15 30 8 4 21 11 28 5 24 20 16 17 
48,	0.204,	0.204688,	496,	48,	30 7 22 5 19 0 27 23 6 3 18 14 20 25 24 4 11 10 17 15 8 29 28 16 31 9 21 12 1 2 13 26 
48,	0.203,	0.204688,	496,	48,	21 24 22 8 13 23 20 12 26 2 28 1 10 3 5 4 29 11 7 19 18 16 6 14 30 15 9 0 31 17 25 27 
74,	0.203,	0.204688,	496,	74,	20 2 4 21 31 13 6 18 3 26 23 29 16 14 30 0 28 22 17 5 7 19 15 10 11 9 27 24 25 12 8 1 
46,	0.202,	0.204688,	496,	46,	3 11 0 4 15 20 27 31 25 9 17 8 21 23 18 16 22 1 19 30 26 7 6 29 12 5 24 28 2 10 13 14 
36,	0.203,	0.204688,	496,	36,	9 24 13 19 11 1 7 22 30 8 4 20 0 3 10 23 17 26 14 25 31 5 27 28 6 21 15 16 12 2 29 18 
46,	0.203,	0.204688,	496,	46,	15 12 9 28 19 2 11 25 21 3 6 22 10 29 0 13 14 4 26 5 24 23 16 30 1 18 20 8 17 27 7 31 
56,	0.203,	0.204688,	496,	56,	28 6 3 8 24 1 17 14 23 20 18 5 21 13 29 26 27 11 30 31 9 4 0 16 25 12 10 15 7 19 2 22 
32,	0.205,	0.204688,	496,	32,	25 30 14 17 29 16 18 24 31 1 10 22 9 28 27 7 2 5 19 23 4 12 20 8 13 0 15 21 6 11 26 3 
66,	0.201,	0.204688,	496,	66,	13 18 4 3 8 28 15 23 6 22 19 9 7 30 20 21 1 17 25 11 12 24 16 26 10 29 2 5 0 14 27 31 
36,	0.204,	0.204688,	496,	36,	1 20 13 25 23 10 4 11 30 16 3 19 7 18 31 0 28 26 6 8 24 9 12 2 22 5 14 15 29 17 21 27 
40,	0.204,	0.204688,	496,	40,	29 24 30 10 18 6 3 2 12 11 5 27 31 26 8 16 19 17 23 20 14 4 15 0 7 28 13 1 25 21 22 9 
34,	0.202,	0.204688,	496,	34,	8 14 11 17 6 23 24 19 5 20 29 16 15 7 12 2 4 26 10 30 9 21 13 28 25 3 22 1 27 0 18 31 
58,	0.203,	0.204688,	496,	58,	11 3 21 10 14 4 5 24 8 25 7 29 20 0 26 17 1 12 28 22 31 23 15 27 19 13 16 30 9 6 2 18 
62,	0.204,	0.204688,	496,	62,	13 0 20 23 28 22 19 11 29 9 27 18 17 31 8 16 2 26 10 12 5 15 21 7 25 4 30 24 1 3 6 14 
54,	0.202,	0.204688,	496,	54,	23 11 21 19 17 3 15 0 18 8 20 22 31 13 1 5 25 16 12 30 29 27 14 2 4 28 26 9 10 7 6 24 
60,	0.201,	0.204688,	496,	60,	16 9 0 5 27 7 25 26 10 30 20 11 6 1 24 12 15 22 2 21 3 29 8 23 14 13 31 18 19 4 17 28 
60,	0.202,	0.204688,	496,	60,	1 26 5 13 22 25 14 8 11 16 20 23 24 28 3 12 21 6 4 27 15 18 19 31 9 0 17 2 29 10 30 7 
44,	0.205,	0.204688,	496,	44,	17 29 24 23 9 0 10 20 6 3 21 19 4 11 5 8 25 2 15 7 26 18 16 31 12 1 14 27 28 30 22 13 
28,	0.223,	0.204688,	496,	28,	9 14 28 5 1 21 26 25 18 2 15 7 24 11 17 13 29 16 22 4 27 10 12 6 3 31 30 19 20 8 23 0 
54,	0.234,	0.204688,	496,	54,	17 0 29 7 31 22 21 11 23 26 2 3 1 8 19 15 20 12 16 25 6 4 10 28 9 13 24 14 5 18 30 27 
68,	0.214,	0.204688,	496,	68,	16 11 10 5 26 12 31 1 23 0 4 13 20 2 17 14 19 7 24 25 21 8 27 18 3 9 15 22 29 6 28 30 
68,	0.204,	0.204688,	496,	68,	15 2 20 18 31 13 14 19 0 12 27 30 4 23 29 10 16 7 3 25 22 11 24 9 28 26 8 21 6 17 5 1 
50,	0.204,	0.204688,	496,	50,	21 15 29 24 13 30 20 17 18 14 22 31 23 3 12 2 19 16 25 10 7 27 11 8 28 26 5 9 4 1 0 6 
24,	0.203,	0.204688,	496,	24,	11 3 1 18 4 17 20 14 6 19 9 7 2 10 27 5 0 22 28 26 24 29 13 21 31 25 12 16 8 30 15 23 
70,	0.203,	0.204688,	496,	70,	24 5 22 13 7 23 11 8 25 2 21 30 0 31 29 15 18 17 20 1 3 12 14 10 27 28 6 9 16 26 19 4 
40,	0.226,	0.204688,	496,	40,	5 24 8 9 3 22 26 0 19 11 2 4 1 21 15 10 20 16 18 14 17 25 6 23 13 31 28 7 29 27 12 30 
42,	0.213,	0.204688,	496,	42,	26 3 27 15 29 28 19 12 11 25 23 7 1 9 13 0 21 6 14 2 18 16 22 31 30 24 4 8 20 10 17 5 
48,	0.211,	0.204688,	496,	48,	30 5 7 8 4 2 6 16 31 19 28 14 22 24 18 11 25 10 13 27 0 29 9 26 1 23 17 15 3 21 12 20 
72,	0.202,	0.204688,	496,	72,	25 22 13 7 21 12 8 24 9 3 5 29 26 1 20 18 17 23 6 0 15 14 19 10 4 30 27 28 2 11 31 16 
60,	0.201,	0.204688,	496,	60,	21 22 5 18 7 29 16 30 23 31 13 26 3 28 12 10 27 6 9 0 24 14 11 20 8 17 25 4 15 2 19 1 
30,	0.201,	0.204688,	496,	30,	23 24 17 5 10 21 4 13 6 2 8 3 9 14 18 1 12 27 0 28 19 26 22 20 25 31 16 15 30 11 7 29 
36,	0.203,	0.204688,	496,	36,	10 18 5 3 29 4 27 24 6 8 19 0 2 26 11 21 25 22 9 7 16 28 17 1 20 13 12 31 30 14 23 15 
34,	0.202,	0.204688,	496,	34,	20 19 29 14 17 7 15 11 0 30 8 13 5 3 12 23 10 6 21 22 18 16 31 24 2 1 4 9 25 28 27 26 
44,	0.201,	0.204688,	496,	44,	29 10 13 19 9 4 6 27 26 3 2 16 30 1 18 31 21 20 7 23 0 12 15 24 8 28 22 25 11 5 14 17 
80,	0.203,	0.204688,	496,	80,	14 0 13 18 26 15 8 29 9 5 1 17 19 12 31 16 6 3 27 24 2 10 4 11 28 7 21 20 23 22 25 30 
34,	0.201,	0.204688,	496,	34,	15 30 18 0 7 16 25 13 26 5 19 20 9 29 17 31 24 6 10 22 21 2 14 4 1 12 8 28 11 23 27 3 
46,	0.201,	0.204688,	496,	46,	7 9 20 0 21 2 31 13 8 1 23 24 3 30 12 27 28 4 18 6 16 26 10 22 11 14 29 25 19 17 15 5 
32,	0.202,	0.204688,	496,	32,	31 2 18 5 23 7 8 17 10 15 12 1 22 25 30 26 16 9 14 3 29 21 20 27 19 24 4 28 13 0 6 11 
48,	0.202,	0.204688,	496,	48,	30 9 19 25 6 29 22 1 5 11 2 10 13 12 23 7 31 0 20 15 4 27 16 26 21 8 3 17 18 24 14 28 
38,	0.201,	0.204688,	496,	38,	13 24 25 29 26 21 14 8 18 10 5 2 28 27 16 20 19 15 4 11 9 30 12 3 22 7 1 0 23 31 17 6 
40,	0.201,	0.204688,	496,	40,	19 10 24 31 14 15 18 20 9 8 3 2 13 27 11 23 0 4 17 22 29 7 16 12 1 28 21 26 5 6 25 30 
32,	0.203,	0.204688,	496,	32,	25 18 22 4 11 2 16 23 1 27 19 13 28 30 20 24 21 29 3 17 8 15 0 9 5 6 31 12 14 10 26 7 
66,	0.202,	0.204688,	496,	66,	7 6 5 21 8 15 4 2 10 20 31 18 0 23 25 11 29 13 1 3 16 14 17 24 30 9 12 19 26 27 28 22 
54,	0.201,	0.204688,	496,	54,	4 18 6 19 22 12 8 24 14 28 21 25 3 26 1 9 16 10 23 11 13 27 7 17 5 2 20 30 0 29 31 15 
28,	0.201,	0.204688,	496,	28,	24 6 13 14 12 20 22 16 10 23 29 1 17 4 18 7 8 15 30 9 2 21 25 31 11 0 5 26 27 19 3 28 
60,	0.202,	0.204688,	496,	60,	13 9 12 11 7 28 18 8 17 29 21 10 20 27 2 0 26 14 24 19 23 1 25 30 4 31 3 5 6 15 22 16 
76,	0.201,	0.204688,	496,	76,	8 6 11 30 19 13 15 16 1 21 28 2 23 20 25 5 10 29 17 0 7 31 24 12 4 3 18 9 26 14 22 27 
68,	0.202,	0.204688,	496,	68,	20 27 14 6 3 26 7 31 18 17 0 8 10 29 16 4 12 22 28 21 24 19 25 11 1 5 15 2 13 23 9 30 
44,	0.201,	0.204688,	496,	44,	23 14 11 10 24 28 4 27 13 25 22 8 30 16 15 5 9 29 12 3 2 21 7 0 26 19 17 20 6 1 31 18 
48,	0.203,	0.204688,	496,	48,	25 31 18 27 21 30 0 28 29 26 19 24 1 16 3 5 11 14 6 4 23 7 22 13 12 10 20 9 17 8 2 15 
52,	0.201,	0.204688,	496,	52,	3 25 29 4 27 22 19 18 8 26 5 11 6 15 1 23 7 30 17 9 28 12 31 10 2 24 13 16 14 0 20 21 
42,	0.203,	0.204688,	496,	42,	29 5 20 12 30 19 1 18 0 3 4 15 14 8 23 17 24 6 25 13 11 2 22 31 26 21 10 27 16 7 28 9 
58,	0.203,	0.204688,	496,	58,	14 17 12 2 16 6 31 10 9 30 18 0 27 24 11 15 4 7 3 29 25 28 23 20 22 26 19 8 1 5 21 13 
38,	0.201,	0.204688,	496,	38,	30 17 5 18 3 2 20 14 25 4 19 24 9 1 0 13 27 10 22 16 31 12 15 28 29 11 21 23 6 7 8 26 
20,	0.202,	0.204688,	496,	20,	23 17 10 13 11 20 25 22 8 19 6 14 4 7 31 30 26 28 24 21 1 16 12 15 27 5 0 9 2 3 18 29 
46,	0.201,	0.204688,	496,	46,	31 30 20 9 16 1 18 4 14 19 10 5 2 3 15 7 13 11 17 6 27 25 24 12 21 23 8 26 22 29 28 0 
50,	0.202,	0.204688,	496,	50,	30 3 1 19 9 23 17 7 6 5 21 27 31 26 10 15 24 18 16 8 2 4 29 12 28 11 20 14 22 0 13 25 
58,	0.204,	0.204688,	496,	58,	29 1 27 10 31 21 19 18 15 30 28 17 14 20 3 8 5 13 2 24 22 6 12 11 7 26 4 16 25 23 9 0 
62,	0.201,	0.204688,	496,	62,	3 29 1 30 9 23 17 14 28 4 5 18 7 0 25 16 24 6 31 11 22 19 2 15 27 10 21 20 8 26 13 12 
48,	0.202,	0.204688,	496,	48,	26 25 7 19 24 28 22 17 6 31 8 30 21 0 1 4 11 12 15 10 16 5 13 3 2 23 18 27 9 29 20 14 
66,	0.201,	0.204688,	496,	66,	7 15 20 27 28 21 30 9 11 18 23 1 2 31 13 6 3 19 4 10 29 17 5 8 22 26 24 14 12 25 16 0 
30,	0.202,	0.204688,	496,	30,	20 26 10 2 23 6 24 7 3 11 28 13 16 0 12 27 15 19 31 18 29 30 25 4 14 9 22 5 1 17 8 21 
24,	0.201,	0.204688,	496,	24,	9 16 24 22 8 7 4 14 20 5 2 6 25 29 19 27 26 30 21 15 18 31 17 1 3 28 0 11 23 12 13 10 
64,	0.202,	0.204688,	496,	64,	13 6 4 12 1 2 29 0 22 8 5 14 10 27 26 19 17 11 7 21 31 18 3 16 15 25 28 24 30 23 9 20 
64,	0.203,	0.204688,	496,	64,	9 11 24 26 22 17 29 3 10 1 8 7 20 15 12 31 16 5 21 30 2 25 28 4 14 27 6 19 0 23 13 18 
42,	0.202,	0.204688,	496,	42,	5 14 16 18 1 9 7 8 24 2 4 31 15 12 27 23 3 28 29 30 20 25 17 10 13 6 21 22 11 0 26 19 
60,	0.212,	0.204688,	496,	60,	8 25 15 19 29 30 1 10 23 22 27 11 5 14 18 21 9 7 28 2 26 31 0 12 6 4 24 3 13 16 17 20 
26,	0.207,	0.204688,	496,	26,	26 20 29 16 19 4 10 18 8 9 1 2 25 17 30 3 24 12 14 22 6 31 28 13 15 21 5 11 27 0 7 23 
66,	0.202,	0.204688,	496,	66,	5 31 15 11 28 30 27 16 18 20 0 6 26 22 23 25 7 9 13 4 24 12 19 17 10 2 3 29 14 8 1 21 
88,	0.21,	0.204688,	496,	88,	14 11 18 28 3 25 22 2 26 30 31 7 23 10 16 19 15 27 1 20 13 0 17 12 4 24 29 8 21 9 6 5 
76,	0.217,	0.204688,	496,	76,	0 8 26 15 20 18 2 28 3 21 1 19 11 24 23 13 4 17 25 30 14 6 7 16 22 5 12 10 29 9 27 31 
34,	0.21,	0.204688,	496,	34,	0 21 23 24 10 1 30 12 27 2 13 9 6 22 20 3 11 8 14 17 18 25 4 26 28 15 31 7 16 29 19 5 
64,	0.215,	0.204688,	496,	64,	25 13 1 11 20 3 18 21 28 22 19 26 0 9 15 17 14 29 5 12 31 2 10 8 4 7 23 27 6 16 30 24 
56,	0.217,	0.204688,	496,	56,	17 5 22 0 23 18 7 20 13 24 19 31 4 2 11 27 30 9 16 12 1 29 3 15 26 8 25 10 21 6 14 28 
56,	0.207,	0.204688,	496,	56,	16 14 0 9 2 22 24 4 28 17 3 20 21 18 6 26 7 1 5 19 27 15 30 12 13 25 29 8 11 10 23 31 
72,	0.214,	0.204688,	496,	72,	31 25 17 8 10 3 11 15 6 18 30 23 12 19 7 13 16 1 29 4 21 22 2 28 20 5 0 24 9 27 14 26 
46,	0.211,	0.204688,	496,	46,	6 20 14 19 18 22 2 28 13 4 24 3 8 27 29 17 15 31 0 12 1 9 23 26 5 10 25 30 16 21 11 7 
34,	0.31,	0.204688,	496,	34,	12 8 1 18 15 7 16 26 21 13 19 31 14 10 30 11 4 2 20 27 3 29 5 22 28 17 6 23 0 24 25 9 
56,	0.21,	0.204688,	496,	56,	26 27 14 31 5 20 22 2 15 23 17 0 19 8 9 12 4 18 24 10 6 13 28 7 3 11 25 16 29 21 30 1 
50,	0.21,	0.204688,	496,	50,	23 17 21 31 27 20 16 9 18 3 14 11 2 4 6 26 8 0 12 7 24 30 1 15 19 10 22 25 28 5 29 13 
64,	0.221,	0.204688,	496,	64,	12 31 26 8 13 18 15 0 25 9 20 19 1 30 11 29 28 17 14 6 22 7 4 27 10 2 21 24 16 23 3 5 
32,	0.205,	0.204688,	496,	32,	1 8 9 21 28 20 27 31 14 18 12 19 24 16 13 5 11 0 3 10 6 4 17 22 26 30 7 2 23 25 15 29 
48,	0.203,	0.204688,	496,	48,	29 0 30 7 31 14 8 16 22 21 23 17 27 20 9 11 10 13 26 4 28 24 6 25 1 15 12 19 2 3 18 5 
50,	0.203,	0.204688,	496,	50,	8 13 6 31 21 28 18 12 26 30 7 2 20 17 29 16 24 1 14 10 4 23 9 3 27 15 11 25 19 22 5 0 
66,	0.203,	0.204688,	496,	66,	11 3 1 2 6 28 15 5 31 0 10 27 21 16 25 12 19 26 18 23 14 22 13 9 8 24 29 17 4 20 7 30 
38,	0.203,	0.204688,	496,	38,	14 19 10 8 15 5 24 12 28 30 22 27 17 3 25 1 21 29 2 31 26 13 4 18 20 9 0 6 7 16 11 23 
58,	0.203,	0.204688,	496,	58,	24 13 14 4 30 23 26 29 6 19 27 18 7 28 0 31 9 8 25 17 16 2 12 15 1 11 3 22 20 21 10 5 
72,	0.203,	0.204688,	496,	72,	18 28 3 16 0 4 17 13 14 26 23 7 19 10 20 15 31 5 11 27 12 1 2 22 8 30 6 24 25 9 29 21 
64,	0.201,	0.204688,	496,	64,	4 11 7 26 19 9 30 25 16 20 28 6 13 21 24 0 22 12 23 18 5 1 29 10 15 2 27 31 17 14 3 8 
94,	0.203,	0.204688,	496,	94,	21 27 6 3 30 17 15 13 11 14 22 19 10 7 28 8 5 29 16 2 20 9 1 23 25 18 24 26 0 31 4 12 
72,	0.203,	0.204688,	496,	72,	13 20 26 18 23 12 7 17 0 21 31 29 28 8 10 14 1 5 25 24 3 15 6 2 30 19 27 11 9 22 16 4 
26,	0.202,	0.204688,	496,	26,	21 18 0 19 29 1 13 6 14 30 10 9 4 11 3 22 27 24 12 8 20 16 23 31 17 28 26 7 2 15 25 5 
66,	0.202,	0.204688,	496,	66,	21 20 24 31 13 6 1 5 14 30 15 16 27 12 7 26 10 29 25 19 0 3 9 2 28 4 11 18 22 8 17 23 
44,	0.202,	0.204688,	496,	44,	20 18 6 3 15 4 28 21 7 1 31 8 12 16 30 29 24 26 14 22 25 27 17 10 0 19 2 13 11 9 23 5 
58,	0.203,	0.204688,	496,	58,	27 4 24 16 10 18 3 11 31 30 9 19 6 1 23 28 2 22 13 12 7 21 26 8 15 5 17 0 25 14 20 29 
34,	0.202,	0.204688,	496,	34,	17 28 20 10 31 9 24 21 6 16 15 13 7 14 30 25 22 0 2 8 12 5 26 29 3 19 11 27 4 23 1 18 
100,	0.204,	0.204688,	496,	100,	31 14 16 30 8 4 12 7 26 0 6 24 18 13 23 5 20 21 19 11 27 9 3 22 1 15 10 17 29 25 2 28 
36,	0.203,	0.204688,	496,	36,	13 6 18 7 17 11 28 10 20 27 1 4 26 25 30 31 23 14 22 8 24 0 9 19 15 12 5 29 3 16 2 21 
48,	0.203,	0.204688,	496,	48,	2 14 8 24 9 7 21 3 25 20 11 17 0 28 12 5 23 27 15 30 19 6 1 31 16 4 13 22 29 18 10 26 
38,	0.202,	0.204688,	496,	38,	6 14 26 19 3 11 24 9 8 27 4 29 18 16 12 30 7 22 10 5 28 20 15 2 13 1 0 17 25 31 23 21 
66,	0.204,	0.204688,	496,	66,	2 12 29 0 9 21 10 4 20 30 31 13 28 3 26 25 14 27 16 1 23 19 7 6 15 18 24 17 5 8 11 22 
52,	0.203,	0.204688,	496,	52,	30 8 29 12 19 23 7 21 2 14 28 26 27 25 16 17 31 9 13 18 6 0 20 10 1 3 5 11 15 24 22 4 
70,	0.203,	0.204688,	496,	70,	1 3 25 9 18 29 0 26 28 19 17 21 27 20 22 10 14 5 30 2 16 15 12 6 24 11 8 23 31 7 4 13 
36,	0.202,	0.204688,	496,	36,	20 21 14 12 29 0 5 2 18 17 1 31 19 27 30 10 8 16 15 28 7 3 11 26 25 9 6 13 4 22 23 24 
68,	0.203,	0.204688,	496,	68,	31 27 26 6 14 4 13 8 25 7 1 10 28 30 29 15 23 21 17 2 24 18 16 3 22 11 20 19 12 0 9 5 
46,	0.203,	0.204688,	496,	46,	8 9 3 17 11 21 7 20 28 5 22 16 24 25 6 10 23 4 1 30 15 0 12 18 31 14 13 29 2 26 19 27 
46,	0.203,	0.204688,	496,	46,	26 17 18 28 8 10 30 1 23 2 3 13 20 19 7 16 31 21 14 24 9 22 29 11 5 25 27 4 12 6 0 15 
58,	0.202,	0.204688,	496,	58,	27 4 15 17 18 13 9 7 14 2 3 8 16 23 26 29 22 31 28 24 30 1 21 20 0 25 6 12 5 10 11 19 
66,	0.202,	0.204688,	496,	66,	20 14 11 0 4 28 12 9 7 15 1 29 18 13 26 16 5 23 19 21 27 22 3 31 17 6 25 30 24 2 8 10 
78,	0.202,	0.204688,	496,	78,	12 24 2 15 11 17 3 16 1 13 22 29 25 0 18 14 31 9 30 28 8 19 6 21 27 5 10 23 20 4 7 26 
66,	0.202,	0.204688,	496,	66,	12 11 1 21 23 18 14 8 13 4 30 0 27 6 17 28 15 16 3 10 5 7 24 25 2 31 9 19 22 26 29 20 
44,	0.203,	0.204688,	496,	44,	27 10 14 2 15 6 20 30 24 28 18 5 3 1 29 31 25 4 21 26 12 23 22 13 19 9 8 7 17 16 11 0 
50,	0.203,	0.204688,	496,	50,	2 21 7 13 3 20 23 12 18 19 24 9 22 0 17 14 29 28 15 27 25 5 11 31 8 6 26 16 1 10 30 4 
36,	0.201,	0.204688,	496,	36,	8 9 12 5 25 2 7 31 18 28 26 24 6 17 21 15 29 4 22 14 19 3 0 1 27 11 16 10 23 20 30 13 
58,	0.203,	0.204688,	496,	58,	22 2 16 14 28 5 24 30 12 29 19 1 11 21 15 27 13 3 17 25 23 4 10 31 0 20 26 8 6 9 7 18 
72,	0.202,	0.204688,	496,	72,	20 24 15 31 21 16 12 8 30 1 13 3 18 29 25 27 22 11 17 14 19 9 2 23 0 4 28 26 5 7 10 6 
60,	0.202,	0.204688,	496,	60,	9 0 8 5 12 1 13 28 21 16 30 7 25 15 3 19 26 20 2 18 27 17 22 29 24 10 23 31 14 11 6 4 
40,	0.202,	0.204688,	496,	40,	30 9 6 15 23 28 17 20 12 2 26 3 18 8 10 21 5 7 0 4 25 22 29 27 13 14 24 1 16 31 19 11 
86,	0.202,	0.204688,	496,	86,	26 5 9 1 7 24 20 15 21 6 13 4 30 17 0 2 25 29 11 16 3 22 27 31 18 19 10 28 8 14 23 12 
52,	0.203,	0.204688,	496,	52,	6 30 3 14 4 26 19 17 7 11 8 15 29 0 24 22 31 18 5 27 1 13 23 10 20 16 28 21 9 25 2 12 
40,	0.202,	0.204688,	496,	40,	9 30 0 31 17 25 8 7 2 22 27 3 16 18 5 19 4 13 15 1 14 23 11 24 12 26 21 6 29 28 10 20 
34,	0.203,	0.204688,	496,	34,	12 10 28 13 23 11 9 26 15 18 14 0 24 20 22 30 6 3 7 19 21 4 16 5 2 25 29 27 1 31 8 17 
64,	0.203,	0.204688,	496,	64,	23 5 30 12 21 26 22 15 6 28 24 16 4 8 18 25 3 9 29 20 2 31 13 10 0 14 27 19 1 11 17 7 
44,	0.203,	0.204688,	496,	44,	17 14 9 6 12 2 25 13 22 8 26 3 29 10 24 28 4 19 21 11 16 18 7 20 15 30 31 5 0 27 1 23 
46,	0.203,	0.204688,	496,	46,	3 4 15 18 27 30 8 12 25 11 19 28 29 23 22 9 1 17 16 13 7 14 2 0 6 26 21 20 5 24 10 31 
66,	0.203,	0.204688,	496,	66,	20 29 21 23 3 26 7 12 11 5 24 13 1 8 6 10 19 2 0 27 18 31 17 16 22 30 14 4 28 25 15 9 
50,	0.205,	0.204688,	496,	50,	13 18 15 12 24 20 3 2 0 14 11 29 31 21 4 6 28 22 9 27 26 8 30 5 19 10 7 16 25 23 17 1 
50,	0.204,	0.204688,	496,	50,	21 23 31 26 5 18 12 10 7 0 2 16 11 20 8 22 19 25 14 3 4 6 24 15 17 13 27 28 9 1 30 29 
48,	0.202,	0.204688,	496,	48,	21 29 17 5 10 3 14 26 15 24 4 23 0 16 18 13 6 2 7 28 30 8 12 1 31 22 25 11 20 27 9 19 
42,	0.203,	0.204688,	496,	42,	20 17 1 15 9 29 4 22 8 0 5 3 12 16 25 11 30 14 28 24 7 21 2 26 23 18 13 19 6 31 27 10 
14,	0.203,	0.204688,	496,	14,	27 29 15 4 30 6 7 22 11 20 1 28 26 16 8 12 14 9 23 13 18 2 5 10 24 25 3 0 21 19 17 31 
66,	0.203,	0.204688,	496,	66,	18 11 10 13 7 20 24 1 8 28 0 3 15 12 4 17 30 29 19 22 23 31 21 26 5 16 25 6 9 2 14 27 
24,	0.202,	0.204688,	496,	24,	0 30 31 19 15 13 24 21 22 7 2 20 14 10 29 4 16 27 25 17 1 18 8 11 3 28 12 5 26 6 9 23 
72,	0.204,	0.204688,	496,	72,	14 23 0 15 11 8 9 18 22 1 28 5 12 19 24 6 30 4 27 26 7 29 16 13 25 2 17 21 20 31 10 3 
44,	0.213,	0.204688,	496,	44,	3 23 9 7 0 31 15 11 27 5 26 6 8 12 24 14 29 13 21 28 22 17 2 1 18 20 25 16 30 4 19 10 
32,	0.208,	0.204688,	496,	32,	8 25 29 18 10 28 17 11 19 1 22 3 7 23 21 13 5 15 24 12 4 6 14 30 27 20 16 2 9 31 26 0 
50,	0.212,	0.204688,	496,	50,	4 21 18 31 8 27 5 7 15 11 3 28 13 0 12 30 17 22 6 29 16 25 10 14 26 1 19 24 2 23 9 20 
14,	0.216,	0.204688,	496,	14,	0 2 12 20 15 29 26 24 13 6 9 21 23 22 4 31 18 3 10 7 14 16 27 5 17 25 1 30 19 28 8 11 
28,	0.211,	0.204688,	496,	28,	4 15 27 24 26 6 3 1 5 20 7 8 22 13 18 10 17 25 2 21 0 29 19 30 31 28 16 12 23 11 14 9 
74,	0.205,	0.204688,	496,	74,	23 18 6 15 30 28 0 4 14 26 7 16 9 12 1 13 21 29 22 2 19 5 11 17 8 10 31 25 24 20 27 3 
58,	0.203,	0.204688,	496,	58,	1 19 27 15 6 8 17 9 24 14 28 22 31 0 20 4 12 10 23 25 11 7 21 30 3 26 2 16 5 29 13 18 
60,	0.205,	0.204688,	496,	60,	12 29 24 0 11 14 15 21 5 22 3 28 30 20 6 27 23 13 25 19 1 7 10 17 4 9 2 16 31 26 18 8 
54,	0.203,	0.204688,	496,	54,	29 23 19 20 25 14 6 17 3 28 9 12 22 10 5 1 18 13 11 0 4 15 16 21 8 7 26 24 2 31 30 27 
32,	0.206,	0.204688,	496,	32,	31 7 2 28 23 1 17 6 19 9 13 5 11 0 12 15 29 26 21 16 3 22 18 4 20 10 8 24 30 25 14 27 
38,	0.209,	0.204688,	496,	38,	24 9 7 19 1 29 0 3 12 16 14 13 5 28 17 31 18 22 26 20 11 23 10 15 8 27 30 4 25 21 6 2 
26,	0.203,	0.204688,	496,	26,	16 30 14 8 17 26 31 18 22 28 10 5 2 19 12 21 13 6 15 7 27 4 29 20 25 0 23 3 11 24 9 1 
46,	0.203,	0.204688,	496,	46,	16 0 15 23 12 20 13 28 11 29 24 30 17 4 9 31 22 14 8 3 18 26 5 25 10 1 21 2 6 7 19 27 
38,	0.206,	0.204688,	496,	38,	0 7 10 23 1 6 25 15 31 18 9 16 24 27 8 26 20 30 29 4 13 14 28 5 22 11 21 19 12 3 2 17 
42,	0.211,	0.204688,	496,	42,	7 31 4 13 26 3 25 22 0 21 10 6 30 28 11 9 8 19 29 20 15 24 27 1 23 12 17 2 16 5 18 14 
56,	0.201,	0.204688,	496,	56,	14 18 21 12 27 2 9 7 16 1 23 22 26 8 28 6 13 30 5 17 11 15 20 25 10 19 3 4 0 31 24 29 
44,	0.204,	0.204688,	496,	44,	28 24 18 0 25 17 10 4 19 6 7 8 20 5 14 22 26 1 15 2 27 11 31 21 23 3 9 30 29 13 16 12 
36,	0.209,	0.204688,	496,	36,	26 4 31 28 0 13 6 7 24 2 14 21 8 30 17 20 3 15 10 27 29 25 9 23 19 18 5 12 22 11 16 1 
28,	0.211,	0.204688,	496,	28,	15 29 11 24 23 17 20 14 12 27 13 28 18 30 9 10 3 26 22 8 19 21 0 25 4 7 2 16 31 1 6 5 
32,	0.204,	0.204688,	496,	32,	4 12 17 13 7 18 26 19 24 15 10 20 3 27 0 14 25 31 11 22 16 29 6 30 8 23 5 28 9 21 2 1 
