3162140,	1.633,	1.63789,	2016,	3162140,	47 62 14 43 57 13 7 15 44 16 10 22 12 25 8 28 50 30 58 27 19 38 11 33 23 6 61 32 49 45 55 60 35 42 54 2 51 37 29 21 26 46 4 17 20 59 3 40 53 24 34 52 9 1 5 41 31 0 36 56 63 48 18 39 
3153530,	1.634,	1.63789,	2016,	3153530,	42 32 57 20 30 39 59 52 50 61 4 21 22 60 17 16 7 45 54 13 53 55 3 14 18 56 38 31 9 24 23 58 46 35 48 25 1 40 49 15 10 44 19 8 63 2 33 36 28 6 37 11 34 12 26 5 29 43 51 62 27 47 41 0 
2745470,	1.633,	1.63789,	2016,	2745470,	42 19 56 36 51 5 8 35 20 40 34 46 17 11 27 54 63 3 16 24 37 13 53 28 9 49 33 21 59 23 4 18 41 47 45 25 14 38 2 50 10 29 57 44 31 48 7 30 26 22 43 58 52 61 6 12 15 39 32 0 60 55 1 62 
2575006,	1.63,	1.63789,	2016,	2575006,	45 50 5 32 28 33 11 63 3 2 18 23 16 35 13 53 51 4 15 22 19 30 52 62 29 6 37 49 42 48 60 41 20 17 44 14 0 57 47 8 56 43 10 61 9 21 59 40 7 46 24 34 1 31 36 38 12 39 27 25 55 54 58 26 
2779134,	1.63,	1.63789,	2016,	2779134,	53 20 37 57 2 38 25 26 58 4 49 24 7 42 36 34 27 9 14 61 28 40 12 52 29 41 45 62 31 59 47 63 22 6 1 0 44 18 60 15 16 19 55 43 17 5 10 3 54 32 21 48 30 13 35 23 8 56 39 46 33 51 50 11 
2532414,	1.633,	1.63789,	2016,	2532414,	1 26 52 42 36 3 12 44 29 46 56 15 18 60 38 6 10 5 9 30 22 11 21 48 63 55 62 17 45 35 28 13 33 34 51 23 20 31 32 50 54 57 27 37 43 24 25 8 41 19 47 14 4 53 59 61 16 7 39 40 2 0 49 58 
2552110,	1.633,	1.63789,	2016,	2552110,	17 11 60 35 50 18 62 51 8 53 55 30 22 9 45 40 49 54 19 32 25 39 61 59 33 34 63 43 47 6 20 42 7 57 48 4 58 3 29 14 24 10 52 26 46 12 21 0 37 41 15 5 44 1 38 36 28 27 56 16 13 31 23 2 
2979126,	1.657,	1.63789,	2016,	2979126,	38 18 23 63 4 31 40 7 39 21 9 34 46 58 62 45 54 44 55 59 35 10 50 51 22 53 24 33 47 20 56 12 43 11 42 32 52 19 48 2 28 37 41 61 8 14 15 36 57 13 0 3 1 25 30 5 16 60 6 27 29 26 49 17 
2975304,	1.629,	1.63789,	2016,	2975304,	62 5 11 29 43 51 28 20 3 54 33 7 18 31 50 17 48 52 61 49 14 47 9 56 59 45 16 39 35 25 38 41 8 24 58 26 46 40 10 34 22 60 44 21 0 2 12 53 23 55 37 36 57 32 4 13 63 6 15 27 19 1 30 42 
3025654,	1.648,	1.63789,	2016,	3025654,	27 45 20 19 14 25 48 0 11 39 7 53 63 21 29 33 57 52 37 12 13 34 15 18 36 62 3 50 5 31 51 59 42 61 16 1 10 22 28 17 44 40 60 41 58 56 55 35 4 38 43 2 46 23 54 49 9 32 26 6 47 24 8 30 
2304676,	1.633,	1.63789,	2016,	2304676,	60 58 25 37 1 43 28 53 39 11 23 62 35 0 21 19 63 22 50 55 4 24 16 3 13 10 7 54 52 29 8 44 27 32 46 45 9 31 47 34 14 6 36 2 18 5 26 12 49 30 20 51 56 17 61 33 57 40 48 38 59 41 15 42 
3522194,	1.63,	1.63789,	2016,	3522194,	34 55 22 35 32 30 42 36 48 23 0 38 28 31 33 2 29 40 1 21 7 5 43 62 46 47 45 56 19 3 53 9 26 63 12 6 59 41 8 27 57 58 25 44 15 24 18 17 54 4 14 60 10 49 52 37 13 20 61 50 11 39 51 16 
3122100,	1.632,	1.63789,	2016,	3122100,	12 56 50 49 20 18 58 3 29 13 39 0 55 35 25 41 42 22 28 33 27 60 63 45 59 11 62 57 26 24 15 46 30 5 54 2 47 38 36 44 16 37 48 14 21 17 53 1 4 31 8 32 6 61 7 19 34 52 40 51 10 9 23 43 
3232254,	1.63,	1.63789,	2016,	3232254,	58 43 9 22 35 36 29 24 30 33 4 26 23 0 6 55 11 47 15 44 7 13 46 25 34 49 2 21 57 63 16 56 38 17 8 60 5 61 18 32 62 39 53 19 1 51 50 20 40 12 27 48 31 28 14 45 52 41 37 54 3 42 59 10 
2634468,	1.631,	1.63789,	2016,	2634468,	44 19 2 52 60 46 6 41 35 8 56 62 40 1 34 29 17 23 28 51 27 25 37 39 21 33 15 5 36 31 14 32 59 26 7 63 13 22 12 54 18 20 49 11 48 4 16 57 53 0 42 24 47 3 61 30 38 43 45 9 10 58 55 50 
2811890,	1.63,	1.63789,	2016,	2811890,	34 19 22 30 28 42 61 57 4 47 14 36 50 24 6 16 58 37 48 12 31 27 26 32 3 55 60 35 21 39 5 18 63 29 10 7 25 23 0 45 2 54 53 1 9 11 46 8 17 41 40 38 13 44 43 52 33 20 15 51 62 56 49 59 
2602114,	1.63,	1.63789,	2016,	2602114,	29 3 16 44 5 46 62 10 34 31 36 4 32 60 11 14 8 23 28 13 24 54 39 33 22 52 27 59 17 43 9 0 55 12 20 19 41 30 57 48 37 47 26 63 7 42 18 45 56 1 58 38 61 53 21 50 6 49 2 40 51 25 15 35 
2575874,	1.631,	1.63789,	2016,	2575874,	28 4 9 47 53 15 25 45 62 13 55 20 58 52 44 38 42 24 56 35 57 7 1 12 29 43 33 60 34 36 23 16 17 5 63 49 51 48 2 6 22 54 8 3 18 30 50 59 27 41 19 26 14 39 0 40 31 11 10 61 32 37 46 21 
2541562,	1.631,	1.63789,	2016,	2541562,	31 29 40 15 19 53 60 48 26 28 63 1 62 54 30 27 32 0 7 56 38 6 47 43 16 36 44 11 61 41 23 18 14 22 49 58 12 2 52 17 34 25 21 39 9 45 46 5 33 42 51 8 10 57 4 13 20 37 59 55 50 24 3 35 
2786618,	1.629,	1.63789,	2016,	2786618,	39 55 11 22 4 23 47 1 53 7 58 43 0 3 30 49 27 33 59 38 8 2 16 56 24 35 21 19 54 37 52 10 41 40 31 18 28 45 51 60 61 57 50 6 26 20 15 13 36 29 62 63 44 12 25 34 42 9 46 32 14 5 17 48 
2720954,	1.631,	1.63789,	2016,	2720954,	50 35 23 62 10 43 52 54 57 22 40 34 3 48 37 0 26 8 7 11 13 2 39 63 36 32 60 16 25 59 21 44 56 19 29 28 51 61 20 41 46 12 45 31 27 53 9 18 5 6 33 15 49 42 24 4 47 38 30 14 58 1 17 55 
2862714,	1.637,	1.63789,	2016,	2862714,	2 57 39 54 19 33 40 5 61 46 58 18 23 45 25 37 29 44 43 53 11 21 47 17 12 8 6 28 34 49 0 35 60 15 48 32 62 41 16 7 1 59 56 4 50 26 31 22 10 27 55 9 3 52 38 63 13 20 36 42 51 24 30 14 
2831182,	1.635,	1.63789,	2016,	2831182,	23 25 5 19 58 61 2 31 6 28 55 4 38 45 53 15 52 16 51 46 62 24 26 39 0 60 48 44 8 49 37 34 14 3 11 50 12 1 18 54 56 20 7 47 32 35 22 9 30 29 43 21 57 59 41 63 10 17 36 13 33 42 27 40 
3208916,	1.632,	1.63789,	2016,	3208916,	47 29 39 32 24 9 11 62 1 53 40 34 18 52 37 26 31 6 4 45 12 25 36 17 58 16 41 28 51 15 13 22 55 33 20 19 35 60 0 27 42 30 8 59 2 43 56 46 63 3 50 7 23 48 57 44 21 61 14 10 54 49 38 5 
3354524,	1.632,	1.63789,	2016,	3354524,	12 19 27 18 2 45 50 57 9 14 10 52 46 11 54 30 31 40 4 26 6 35 24 8 43 55 25 44 0 60 21 36 41 42 49 7 38 1 61 37 39 51 17 23 62 53 13 20 3 5 59 28 63 34 47 15 56 29 16 22 58 48 32 33 
3367960,	1.632,	1.63789,	2016,	3367960,	45 21 24 53 62 33 61 17 60 7 50 54 47 40 28 52 3 55 4 1 29 57 37 41 31 34 59 14 6 35 19 42 58 22 30 20 32 0 26 48 16 11 23 25 43 49 5 56 9 12 18 2 38 63 46 39 8 36 27 51 15 10 13 44 
3390368,	1.63,	1.63789,	2016,	3390368,	18 10 7 41 44 33 32 63 45 36 46 15 0 42 38 1 59 31 39 2 21 48 55 56 28 14 3 58 43 57 9 51 40 5 16 62 23 20 35 12 49 17 61 11 8 22 6 19 37 25 53 54 24 34 13 47 50 29 27 52 30 60 26 4 
2812058,	1.628,	1.63789,	2016,	2812058,	60 63 2 56 48 13 30 41 50 32 24 51 36 5 6 54 40 61 10 52 20 23 44 14 37 17 35 15 4 29 49 25 22 9 26 38 3 28 18 58 1 45 62 21 42 27 16 31 46 19 7 47 55 43 0 33 12 34 57 39 11 53 8 59 
2936144,	1.631,	1.63789,	2016,	2936144,	41 11 18 14 39 6 9 57 3 31 33 20 34 2 38 51 63 60 45 16 0 46 19 53 62 29 21 44 59 22 55 61 30 32 40 37 58 1 27 36 24 7 48 42 52 25 49 23 5 8 43 54 56 50 26 12 15 13 10 17 4 28 35 47 
2801404,	1.633,	1.63789,	2016,	2801404,	27 23 16 40 3 17 42 2 61 30 34 55 11 22 15 12 46 10 0 13 36 28 58 52 29 41 45 26 31 39 6 60 47 1 20 54 35 49 32 51 19 21 62 43 37 18 7 56 48 14 25 57 53 33 9 8 5 24 59 50 38 63 44 4 
2954446,	1.63,	1.63789,	2016,	2954446,	17 39 38 49 7 34 53 22 25 33 12 10 9 11 41 13 62 43 58 29 32 45 57 31 36 21 3 28 19 63 55 6 26 2 5 27 23 51 52 47 18 54 20 50 46 0 37 61 59 16 40 42 48 14 24 1 8 15 44 56 30 35 4 60 
2828840,	1.629,	1.63789,	2016,	2828840,	12 31 44 43 36 48 2 29 22 27 11 16 57 33 30 28 21 26 51 18 20 3 61 9 49 8 4 54 46 47 7 23 15 24 45 60 19 17 5 62 55 53 56 0 52 58 13 38 50 34 41 59 40 14 1 32 10 25 39 63 42 35 37 6 
3096124,	1.631,	1.63789,	2016,	3096124,	11 28 14 22 36 46 52 24 8 45 17 6 9 63 56 5 38 2 16 18 37 32 55 51 48 1 21 19 50 15 39 23 41 53 0 20 31 4 3 61 60 47 40 13 58 54 33 10 35 7 43 27 59 25 29 44 49 57 34 30 12 42 62 26 
3015684,	1.63,	1.63789,	2016,	3015684,	14 48 3 25 45 33 41 24 30 32 35 7 19 54 47 49 29 8 40 27 38 42 12 2 0 15 31 61 36 9 52 6 5 63 20 50 34 60 22 55 18 21 57 51 16 59 46 10 53 17 23 37 43 4 11 56 39 44 28 13 26 62 1 58 
2827920,	1.641,	1.63789,	2016,	2827920,	21 50 20 42 18 43 15 63 24 47 35 58 62 44 11 59 39 56 32 2 57 9 5 25 7 4 40 27 16 22 52 26 6 28 12 53 14 61 41 33 48 8 29 30 49 54 60 36 0 17 51 19 45 1 37 10 31 46 55 34 23 3 13 38 
2972374,	1.631,	1.63789,	2016,	2972374,	32 6 28 14 52 57 50 58 55 19 60 56 41 34 51 43 37 30 54 24 63 22 44 40 11 20 29 8 9 0 61 21 12 47 38 62 36 3 26 27 7 2 39 33 46 10 18 23 59 45 42 35 13 16 31 49 17 15 1 5 4 25 53 48 
2868478,	1.632,	1.63789,	2016,	2868478,	48 62 35 49 60 59 10 37 50 40 29 11 16 2 63 21 8 54 18 46 45 15 1 61 27 3 52 55 30 33 53 56 58 0 38 9 25 14 36 23 47 57 32 7 13 39 6 26 5 42 17 41 24 20 28 22 51 44 12 43 34 31 19 4 
2765698,	1.629,	1.63789,	2016,	2765698,	4 41 5 18 31 48 33 9 17 52 54 58 47 56 38 6 51 3 26 13 36 49 16 30 23 12 10 43 11 25 8 40 63 59 42 35 39 7 2 60 61 32 53 37 55 34 19 1 14 57 44 27 20 46 0 45 50 24 15 22 29 62 28 21 
3368616,	1.633,	1.63789,	2016,	3368616,	28 52 7 30 29 16 44 22 36 47 13 51 11 4 9 8 26 19 45 46 34 15 55 35 23 2 50 43 49 60 17 0 56 25 57 33 40 10 6 32 41 53 14 58 5 62 3 1 12 48 18 42 37 63 24 54 39 59 31 20 38 61 21 27 
3027886,	1.629,	1.63789,	2016,	3027886,	57 40 5 26 4 6 1 30 27 24 46 48 47 49 0 7 10 56 41 17 13 58 22 31 28 44 34 52 3 29 37 23 43 33 35 51 8 42 32 63 12 55 9 2 62 18 11 16 19 15 59 39 36 21 54 20 25 14 50 61 60 53 45 38 
2908622,	1.631,	1.63789,	2016,	2908622,	25 45 8 44 46 4 9 40 7 16 48 11 31 54 39 12 14 3 1 56 55 18 24 59 21 58 15 5 49 43 52 20 34 38 50 0 51 22 60 57 47 53 2 32 41 6 35 19 63 61 42 26 10 13 62 28 23 33 29 36 37 30 17 27 
2978826,	1.63,	1.63789,	2016,	2978826,	62 13 8 26 57 3 21 14 55 35 24 34 27 45 54 58 22 31 56 48 38 59 43 41 18 16 37 60 53 0 29 36 6 61 52 49 39 63 30 50 20 11 7 5 17 1 2 9 32 44 51 42 15 12 46 10 28 23 19 25 47 33 40 4 
3374212,	1.635,	1.63789,	2016,	3374212,	40 38 47 20 0 24 29 1 36 6 33 7 32 52 15 56 18 26 4 27 53 44 5 61 42 49 16 8 23 55 43 30 10 39 58 41 13 59 35 9 14 60 2 21 63 28 57 19 12 3 51 62 46 17 11 50 22 34 48 37 31 54 45 25 
3218072,	1.627,	1.63789,	2016,	3218072,	21 18 57 17 24 38 43 26 12 23 35 39 13 42 37 0 3 59 31 49 51 5 30 8 33 58 60 14 61 4 22 32 44 41 63 55 46 6 50 7 29 1 34 40 15 45 27 19 36 54 53 2 48 52 56 10 9 11 62 47 16 20 28 25 
3025116,	1.629,	1.63789,	2016,	3025116,	7 48 12 6 39 54 53 25 56 37 26 21 46 45 29 50 63 59 4 9 24 47 11 15 34 38 31 57 17 0 58 22 49 30 33 55 20 2 44 60 51 16 23 35 28 19 8 62 5 32 18 3 42 40 27 1 43 61 13 36 14 52 10 41 
2913324,	1.631,	1.63789,	2016,	2913324,	61 11 34 60 59 42 14 31 26 33 56 47 62 30 32 50 0 57 27 58 12 5 28 52 16 48 9 46 20 13 36 40 63 41 43 23 39 49 45 22 15 21 6 2 35 18 24 25 1 53 38 4 3 37 8 10 19 54 44 55 7 17 51 29 
3054604,	1.63,	1.63789,	2016,	3054604,	55 8 6 11 63 46 33 22 47 3 44 21 45 58 40 2 30 60 27 37 1 10 61 0 51 38 20 18 16 49 25 52 48 62 9 36 34 57 15 19 31 56 53 5 4 17 41 26 39 43 42 24 12 13 54 7 29 28 59 14 23 32 35 50 
3078034,	1.631,	1.63789,	2016,	3078034,	53 58 46 19 4 37 59 30 1 43 38 63 11 3 13 14 47 60 45 52 33 31 39 10 9 5 49 56 20 42 61 21 26 55 44 54 62 17 51 6 40 27 34 23 35 16 0 50 57 7 18 41 8 32 24 48 25 36 12 29 2 28 15 22 
3191198,	1.631,	1.63789,	2016,	3191198,	56 1 39 25 32 60 34 48 22 63 50 42 62 28 11 14 21 5 7 40 26 37 29 33 12 27 45 23 59 47 36 20 44 35 24 6 53 9 10 30 38 17 16 51 8 13 2 18 61 19 0 41 46 54 52 55 57 31 58 3 49 43 4 15 
2912086,	1.63,	1.63789,	2016,	2912086,	63 44 39 5 57 13 22 45 16 3 52 35 53 60 8 7 31 6 1 40 43 2 4 24 11 38 14 10 32 30 9 21 62 46 59 55 54 28 19 25 37 20 51 0 27 48 15 47 49 12 42 50 36 56 23 26 33 58 61 29 17 18 34 41 
2744434,	1.63,	1.63789,	2016,	2744434,	10 28 26 35 42 36 8 13 7 63 38 56 59 34 16 27 29 53 0 40 45 49 46 62 15 1 2 11 5 61 21 54 30 3 57 60 20 44 24 31 32 14 43 58 52 37 51 22 47 50 41 23 48 19 12 25 55 18 4 39 33 9 17 6 
3244316,	1.628,	1.63789,	2016,	3244316,	26 35 56 17 16 15 12 27 25 13 62 32 49 63 10 29 0 31 58 23 5 8 11 46 6 30 22 40 18 39 34 55 7 51 43 9 48 20 36 53 41 47 14 61 57 45 24 60 54 3 52 1 28 59 19 2 4 42 21 44 38 33 37 50 
3210118,	1.632,	1.63789,	2016,	3210118,	46 31 43 28 53 22 21 38 32 34 25 36 60 6 55 10 7 12 18 61 62 54 58 5 42 11 40 29 27 1 17 19 57 63 44 8 3 26 59 50 51 39 4 45 52 24 0 48 20 37 56 33 35 47 13 14 15 9 30 41 2 23 16 49 
2632508,	1.63,	1.63789,	2016,	2632508,	6 42 13 43 11 23 45 55 51 40 36 61 58 53 57 59 18 14 5 8 41 19 47 26 34 17 37 4 52 9 44 54 7 33 20 10 39 46 31 21 38 3 29 25 24 60 0 12 22 56 2 48 27 32 16 35 49 50 30 1 28 63 15 62 
3347198,	1.631,	1.63789,	2016,	3347198,	34 27 5 16 33 30 20 23 2 11 18 26 51 13 4 7 1 0 40 31 19 15 21 8 22 50 12 61 44 59 48 3 58 14 43 55 54 42 9 6 35 41 29 56 52 60 10 47 49 24 36 17 32 63 57 38 37 46 28 53 39 45 62 25 
3404660,	1.642,	1.63789,	2016,	3404660,	2 13 43 21 20 47 14 23 6 61 29 11 54 50 39 52 37 48 12 0 5 35 60 36 15 45 17 59 4 27 53 16 24 30 25 49 55 34 41 26 8 10 28 51 19 18 42 40 22 31 33 32 57 7 1 62 46 56 44 9 38 63 3 58 
3068358,	1.632,	1.63789,	2016,	3068358,	39 20 46 36 2 25 15 42 45 19 31 18 23 21 6 0 28 9 16 26 55 7 33 43 12 50 51 34 35 3 56 22 37 41 59 30 17 10 4 57 49 40 52 32 54 5 27 58 62 53 13 63 61 14 44 1 8 48 60 29 24 38 47 11 
2982602,	1.628,	1.63789,	2016,	2982602,	16 13 35 12 53 51 41 59 17 3 19 49 28 11 36 48 40 37 54 56 39 25 20 0 62 1 47 52 21 43 23 61 26 8 18 14 60 42 38 5 30 2 31 55 46 45 32 33 22 6 27 15 44 9 50 58 10 7 57 24 63 34 29 4 
2812524,	1.63,	1.63789,	2016,	2812524,	61 14 52 26 40 18 17 51 10 58 7 47 20 22 34 19 25 8 48 60 49 16 50 42 55 53 43 24 46 6 29 2 1 57 59 15 38 35 62 5 41 23 45 9 13 0 39 31 4 27 28 54 11 30 63 37 3 36 21 33 56 12 44 32 
2825610,	1.632,	1.63789,	2016,	2825610,	47 55 59 52 27 25 17 54 38 20 12 15 45 40 53 4 13 48 32 43 10 37 11 36 28 5 22 23 3 33 14 51 63 2 58 21 26 50 1 0 29 42 8 31 18 56 24 60 41 16 6 19 49 30 61 44 35 39 46 9 34 62 7 57 
3120338,	1.63,	1.63789,	2016,	3120338,	36 26 34 45 55 46 30 3 31 43 27 56 22 63 44 12 38 4 13 21 25 10 20 14 33 37 49 18 61 28 60 1 29 9 57 39 2 16 17 35 8 50 53 47 15 7 11 0 6 32 41 52 24 40 59 62 51 19 5 58 54 23 42 48 
2741028,	1.631,	1.63789,	2016,	2741028,	30 15 2 63 23 50 11 39 44 17 14 52 24 25 43 59 3 33 35 56 13 32 27 16 12 29 54 36 58 51 42 9 37 8 53 61 28 49 46 48 57 55 7 31 22 0 20 60 5 34 45 18 6 19 40 62 21 26 47 41 1 10 38 4 
3393430,	1.63,	1.63789,	2016,	3393430,	29 53 2 22 15 61 6 33 5 16 31 13 37 63 49 9 20 52 8 17 56 43 25 18 58 57 30 21 41 24 55 11 48 46 19 34 40 35 59 54 39 3 62 28 38 60 7 32 36 1 26 12 44 42 51 50 4 10 14 23 45 47 0 27 
3301570,	1.633,	1.63789,	2016,	3301570,	31 30 28 45 59 11 29 10 43 58 41 20 39 36 40 50 26 35 6 61 60 21 25 54 48 44 9 16 57 17 7 56 55 23 34 2 15 8 37 52 63 22 14 33 0 42 46 49 19 51 47 3 24 53 27 1 4 13 62 18 5 12 38 32 
3007148,	1.631,	1.63789,	2016,	3007148,	38 49 59 16 0 28 10 27 20 51 36 45 1 19 26 41 55 4 60 35 23 9 44 25 48 46 11 17 29 15 13 62 7 24 2 63 56 40 58 39 14 42 21 5 43 47 31 53 12 30 3 50 61 18 22 32 54 52 37 8 34 6 57 33 
3095674,	1.643,	1.63789,	2016,	3095674,	49 48 26 46 45 35 22 53 10 23 44 37 12 41 13 39 34 19 18 54 62 8 9 43 57 56 47 0 6 36 21 28 51 63 4 14 24 30 7 50 55 60 2 32 61 40 16 52 31 20 3 59 1 27 58 29 33 38 42 17 25 5 11 15 
2991892,	1.633,	1.63789,	2016,	2991892,	0 10 61 3 38 30 52 9 37 29 49 17 34 53 50 41 4 31 57 44 55 46 6 40 48 26 62 22 15 18 35 60 21 7 19 39 2 32 47 16 51 11 36 45 24 25 59 14 1 43 13 20 27 28 63 58 56 33 12 5 23 42 8 54 
3148994,	1.632,	1.63789,	2016,	3148994,	19 17 34 10 59 53 57 55 3 1 31 41 9 30 5 2 60 46 6 44 14 54 21 23 42 56 48 43 40 35 28 52 38 45 29 61 11 16 22 27 7 49 51 58 33 37 36 32 26 13 0 62 8 63 24 20 18 4 12 47 25 39 15 50 
2899554,	1.639,	1.63789,	2016,	2899554,	43 19 47 56 29 32 23 49 6 39 30 28 12 35 45 4 37 16 21 18 8 44 20 57 25 63 52 58 1 27 62 2 60 22 46 17 5 14 50 41 0 26 7 11 55 61 24 33 59 31 53 34 15 40 36 51 13 42 9 3 54 48 10 38 
2562326,	1.632,	1.63789,	2016,	2562326,	7 58 1 9 19 42 24 31 53 33 63 5 12 57 10 3 36 56 49 16 6 55 62 22 52 17 25 43 40 4 18 15 11 27 8 37 23 51 13 32 39 60 59 46 47 44 48 45 41 38 28 14 29 20 50 26 2 34 21 0 54 61 30 35 
2776840,	1.63,	1.63789,	2016,	2776840,	39 14 29 40 1 45 47 43 8 18 30 21 3 52 9 10 60 13 55 24 0 50 25 53 5 23 44 16 56 36 11 62 63 4 54 28 49 42 41 61 32 20 59 51 31 27 19 48 46 38 57 34 6 17 22 2 35 58 7 37 26 15 33 12 
3438020,	1.631,	1.63789,	2016,	3438020,	12 56 31 29 55 63 48 53 0 2 52 40 51 38 36 3 15 44 26 41 34 30 9 25 43 61 62 42 49 46 13 54 4 33 27 6 58 14 60 21 37 19 45 8 1 7 17 28 16 23 22 50 5 24 59 39 57 10 47 35 18 11 20 32 
2950900,	1.631,	1.63789,	2016,	2950900,	53 8 48 3 34 47 16 4 11 22 12 45 31 50 33 41 55 0 36 23 1 2 27 37 61 52 59 30 24 54 25 46 7 9 49 28 42 58 10 56 40 19 43 15 39 29 44 20 35 57 63 32 26 17 6 14 18 60 51 13 21 38 5 62 
2552972,	1.629,	1.63789,	2016,	2552972,	34 30 11 48 25 60 23 29 43 20 0 38 32 15 45 18 61 53 58 13 51 36 57 27 46 19 26 6 42 10 40 8 14 22 24 50 44 49 47 37 54 16 12 41 63 33 21 4 7 31 9 62 52 1 56 2 5 35 28 39 17 55 3 59 
2607740,	1.636,	1.63789,	2016,	2607740,	19 10 52 18 44 13 55 6 24 31 59 15 57 11 45 43 61 22 46 42 54 58 51 32 1 28 40 30 5 27 53 47 25 35 37 8 36 12 2 9 49 23 26 63 7 16 41 33 60 34 20 4 48 29 39 38 21 17 62 50 3 0 56 14 
3061342,	1.636,	1.63789,	2016,	3061342,	8 38 11 26 59 54 14 17 24 58 19 18 45 50 51 44 55 49 13 60 30 31 6 23 40 57 48 16 63 61 47 25 9 20 42 36 35 53 28 2 5 3 39 4 43 10 37 34 27 15 46 56 1 33 21 22 0 62 32 29 52 41 12 7 
2700376,	1.629,	1.63789,	2016,	2700376,	2 16 21 0 43 39 56 57 61 36 25 5 7 1 19 33 55 50 40 42 34 17 6 11 9 59 63 23 35 58 38 22 28 49 26 44 24 14 13 10 8 30 15 3 53 12 37 32 51 46 62 48 29 4 52 45 60 27 20 54 41 31 18 47 
2929616,	1.634,	1.63789,	2016,	2929616,	0 36 42 1 7 20 27 32 22 8 26 31 48 6 29 15 38 9 47 13 18 23 41 25 39 55 61 3 11 19 63 35 21 2 34 37 16 45 56 46 51 24 60 10 49 30 4 12 58 44 28 33 53 43 5 14 17 57 62 40 52 59 54 50 
2996522,	1.662,	1.63789,	2016,	2996522,	2 46 24 8 59 18 28 54 11 57 16 25 62 37 0 21 55 49 39 60 30 48 20 63 33 47 32 56 27 1 45 38 17 53 14 13 12 42 36 41 40 5 58 9 44 3 29 6 34 15 51 10 31 43 52 61 22 7 26 35 19 50 4 23 
3104468,	1.639,	1.63789,	2016,	3104468,	9 18 53 22 23 27 15 39 45 16 19 4 58 52 43 55 50 0 25 56 3 61 40 37 59 14 49 13 26 60 36 35 17 29 63 46 48 57 10 31 51 7 47 41 34 33 8 32 62 11 42 1 6 5 20 21 12 38 44 2 54 30 24 28 
3446662,	1.631,	1.63789,	2016,	3446662,	19 38 13 32 52 11 35 24 10 42 21 43 18 57 15 58 2 50 29 41 39 30 16 34 40 17 51 14 48 56 62 8 22 25 9 37 54 0 5 49 6 44 3 12 61 46 26 45 63 20 28 31 59 36 23 60 47 4 1 53 27 55 33 7 
3378778,	1.631,	1.63789,	2016,	3378778,	34 5 22 28 53 42 45 39 12 37 3 13 44 55 51 10 36 27 2 19 60 23 59 62 33 63 57 24 31 47 17 43 35 4 49 58 6 1 40 15 14 8 61 46 11 26 9 18 16 7 30 0 52 20 48 25 32 50 56 38 29 54 41 21 
2666090,	1.631,	1.63789,	2016,	2666090,	54 5 59 9 58 27 29 57 43 36 13 41 55 12 6 24 51 10 49 20 62 60 33 19 53 11 63 23 8 25 37 4 39 38 47 21 16 50 17 3 18 35 44 46 2 22 14 56 42 1 52 32 61 30 28 45 34 7 31 48 40 15 0 26 
2854252,	1.63,	1.63789,	2016,	2854252,	13 7 22 27 19 52 5 57 53 37 4 38 42 46 44 47 21 59 39 35 15 1 2 58 36 51 18 31 40 24 26 10 30 43 25 34 17 63 41 48 50 9 20 0 60 61 45 23 6 56 32 49 3 8 62 11 54 33 55 28 16 12 14 29 
2776176,	1.631,	1.63789,	2016,	2776176,	41 19 16 48 29 9 18 22 20 33 54 1 5 38 0 61 4 6 42 11 51 8 35 57 32 63 40 60 2 53 58 27 55 49 24 12 44 23 10 17 30 3 7 31 45 47 25 39 21 36 62 28 37 26 46 13 52 14 50 59 15 56 34 43 
3274940,	1.632,	1.63789,	2016,	3274940,	9 19 1 47 55 21 22 43 7 63 8 24 20 52 61 31 59 14 41 38 44 0 11 2 50 45 37 28 62 26 12 30 46 29 15 39 54 42 4 6 17 58 10 13 34 3 53 33 16 25 48 5 18 51 57 56 60 49 36 40 27 32 35 23 
2796474,	1.631,	1.63789,	2016,	2796474,	45 22 49 39 53 4 7 17 54 24 41 11 16 3 55 31 46 21 25 28 1 33 12 27 59 23 51 18 63 62 29 43 13 34 0 9 19 38 30 48 6 50 58 8 42 44 26 32 5 40 57 15 60 36 61 37 20 56 10 14 47 2 52 35 
2768752,	1.629,	1.63789,	2016,	2768752,	21 52 0 37 7 57 47 19 10 55 51 4 20 38 27 30 42 45 35 14 43 48 2 15 63 44 56 61 46 41 40 50 33 11 9 54 17 58 12 29 8 18 59 22 25 62 32 26 3 36 23 49 31 1 13 34 60 28 24 5 53 6 39 16 
2960186,	1.628,	1.63789,	2016,	2960186,	2 15 46 19 61 36 8 35 17 13 10 0 4 27 20 63 26 62 43 37 38 5 45 33 47 53 39 16 40 21 23 18 22 11 56 51 49 29 42 32 31 14 58 34 50 41 3 52 25 30 1 55 24 48 54 60 12 6 44 28 9 59 7 57 
2608024,	1.631,	1.63789,	2016,	2608024,	51 54 29 46 17 41 28 58 61 19 10 1 4 5 30 37 60 15 45 20 59 11 40 13 35 31 0 53 8 26 47 44 52 62 3 63 23 48 24 27 39 32 33 9 16 43 21 42 49 6 22 25 56 2 12 14 36 55 18 38 50 57 34 7 
3086858,	1.63,	1.63789,	2016,	3086858,	40 10 48 36 12 11 30 22 57 32 35 3 45 50 15 56 61 13 14 23 4 18 1 24 63 8 47 52 44 28 58 5 17 53 19 49 6 0 46 25 37 34 51 33 39 41 27 38 31 59 16 9 21 20 55 43 54 29 26 42 2 60 62 7 
2770596,	1.631,	1.63789,	2016,	2770596,	34 36 5 2 59 45 30 17 26 38 11 9 50 21 4 23 60 58 37 24 43 62 44 35 10 52 16 6 1 0 18 54 49 51 3 22 33 48 42 19 56 28 8 7 27 15 53 47 31 29 57 12 13 46 25 39 61 63 40 55 20 32 14 41 
3191976,	1.628,	1.63789,	2016,	3191976,	32 27 33 41 55 35 19 5 51 18 63 2 59 42 4 24 57 31 26 0 7 53 17 58 8 20 14 50 29 56 47 54 28 46 36 49 22 25 16 6 45 12 23 43 30 44 9 40 38 39 52 10 37 62 61 48 1 13 34 3 21 11 15 60 
3542650,	1.629,	1.63789,	2016,	3542650,	34 1 33 35 27 9 8 12 57 36 15 51 32 25 42 30 40 46 21 2 3 23 63 26 41 55 43 19 20 50 56 5 24 61 11 28 10 52 31 18 54 14 0 22 62 47 49 37 60 13 53 39 4 29 16 6 17 45 38 48 59 7 44 58 
2614650,	1.629,	1.63789,	2016,	2614650,	40 51 43 21 7 37 61 58 49 29 8 32 10 44 11 38 1 20 42 24 35 15 34 4 53 5 13 25 63 47 59 19 50 46 14 16 62 41 39 48 27 33 57 31 55 17 0 26 23 45 2 9 18 52 60 30 6 22 12 56 54 36 3 28 
2794664,	1.631,	1.63789,	2016,	2794664,	50 23 27 1 7 5 24 48 59 61 28 60 20 10 4 58 31 54 57 11 35 22 53 42 3 33 9 29 49 19 39 0 36 34 44 37 6 13 2 26 14 62 21 47 41 45 51 56 30 15 40 18 16 38 17 43 46 52 8 12 32 25 55 63 
3072532,	1.629,	1.63789,	2016,	3072532,	1 48 25 24 8 18 53 31 41 32 60 22 42 50 54 12 63 43 30 19 20 14 16 58 61 21 6 39 62 38 9 56 37 36 29 17 7 23 44 4 51 52 49 0 11 5 33 2 13 47 10 26 15 34 59 27 3 35 28 55 46 40 57 45 
2688958,	1.632,	1.63789,	2016,	2688958,	20 42 30 32 29 9 59 19 39 60 2 15 44 21 1 16 55 11 46 37 41 0 10 3 4 62 54 31 8 24 36 56 51 35 50 17 61 5 14 18 34 26 58 22 6 57 25 33 63 12 7 53 45 28 52 47 23 48 27 49 13 43 40 38 
2751570,	1.629,	1.63789,	2016,	2751570,	43 19 21 51 42 25 57 54 41 31 30 46 15 0 23 12 17 56 45 60 26 38 3 14 4 58 44 28 61 20 11 37 39 13 27 35 5 7 47 29 55 34 59 40 8 48 24 36 2 32 1 6 62 9 49 63 22 10 18 53 33 16 50 52 
3217022,	1.637,	1.63789,	2016,	3217022,	7 6 22 33 59 34 60 54 55 13 63 9 26 23 41 43 0 45 61 39 40 62 42 5 31 47 19 44 2 52 8 50 51 57 58 29 3 16 10 4 53 12 35 24 15 48 25 30 27 11 18 36 28 32 56 1 20 38 49 21 37 46 14 17 
2773478,	1.63,	1.63789,	2016,	2773478,	38 31 42 28 53 46 4 6 10 15 43 8 5 40 47 33 34 29 21 54 9 57 27 45 23 50 14 13 44 19 36 60 20 59 16 63 1 18 56 37 0 7 26 11 35 17 22 49 32 52 48 41 58 61 12 51 2 55 24 39 25 3 62 30 
3185490,	1.63,	1.63789,	2016,	3185490,	10 51 12 25 62 44 43 47 33 34 38 30 32 36 50 46 41 11 23 53 19 2 28 24 35 52 54 40 5 49 16 42 18 13 45 7 48 21 61 56 58 31 55 37 63 57 20 22 1 26 60 39 15 27 59 14 4 3 8 29 9 6 0 17 
2679018,	1.628,	1.63789,	2016,	2679018,	51 33 4 14 17 23 20 8 36 19 6 21 55 10 31 56 5 53 30 61 52 50 42 62 63 13 25 24 35 48 27 45 57 34 18 46 47 9 39 15 37 1 7 32 60 11 58 49 54 2 0 22 38 28 59 3 26 44 16 29 40 41 12 43 
2841010,	1.63,	1.63789,	2016,	2841010,	31 56 10 47 39 26 7 20 36 12 15 48 44 50 51 49 62 3 24 2 54 59 25 28 8 30 61 27 60 22 55 16 33 34 1 63 46 58 53 43 45 18 40 19 38 14 5 21 0 42 9 52 23 13 17 11 37 35 29 41 6 57 4 32 
2211832,	1.63,	1.63789,	2016,	2211832,	16 26 40 60 14 3 53 20 8 46 7 42 36 29 49 30 24 25 38 32 57 63 34 45 33 13 10 6 19 55 9 61 51 37 5 54 59 21 44 31 27 43 18 28 48 17 35 62 47 12 2 1 50 41 52 0 4 58 39 15 11 23 56 22 
3208250,	1.631,	1.63789,	2016,	3208250,	5 31 27 46 36 42 52 38 32 23 51 43 55 33 41 30 16 6 59 49 26 45 56 24 48 28 9 11 50 57 13 40 21 1 62 4 63 17 20 19 44 37 58 10 53 25 12 61 0 2 14 47 8 34 29 7 22 54 18 3 35 60 15 39 
2930628,	1.63,	1.63789,	2016,	2930628,	62 31 40 42 12 10 52 5 20 33 54 25 13 59 46 19 50 49 39 63 29 27 45 23 61 16 3 57 32 9 41 37 8 58 7 43 47 11 35 53 28 24 56 48 0 55 1 26 14 6 18 44 38 21 15 17 22 36 34 51 60 2 30 4 
3171582,	1.631,	1.63789,	2016,	3171582,	59 42 41 50 19 63 13 2 36 5 34 57 14 4 6 37 52 11 10 35 60 1 47 39 54 49 29 30 46 16 55 18 0 38 48 61 31 26 15 45 40 56 3 17 9 51 22 25 62 43 23 44 7 53 27 12 20 8 21 24 58 33 32 28 
3165016,	1.631,	1.63789,	2016,	3165016,	61 41 11 8 31 55 59 23 9 0 47 19 15 57 50 32 34 54 29 12 46 44 38 25 56 36 18 49 53 24 17 39 28 4 2 5 48 3 6 26 16 35 62 40 14 52 37 42 60 45 30 27 63 1 51 13 33 7 58 22 43 20 10 21 
2601582,	1.629,	1.63789,	2016,	2601582,	3 45 33 19 6 59 10 35 57 15 34 30 29 52 31 32 11 41 0 4 24 26 62 18 21 28 40 37 9 54 8 23 38 44 13 17 63 39 20 43 48 55 53 5 60 16 56 42 27 47 2 1 7 58 61 14 22 50 49 25 36 51 12 46 
2348114,	1.632,	1.63789,	2016,	2348114,	13 63 57 9 39 58 51 37 15 18 53 6 42 25 14 50 8 27 4 5 45 17 23 41 59 56 48 26 1 16 29 2 0 21 28 44 12 30 47 34 11 35 40 61 20 31 3 43 32 62 60 55 36 22 19 24 7 54 52 10 49 38 33 46 
3186972,	1.631,	1.63789,	2016,	3186972,	28 35 43 52 27 2 54 61 33 20 13 39 32 63 9 37 10 57 4 14 16 34 48 51 30 41 12 29 5 59 3 31 49 23 60 62 24 17 50 0 18 21 46 25 19 58 56 7 6 22 45 11 53 47 8 36 38 1 42 44 55 15 40 26 
3640422,	1.634,	1.63789,	2016,	3640422,	47 14 1 54 56 28 6 0 55 11 62 21 30 13 41 57 31 59 20 16 9 7 49 60 24 23 39 3 33 35 15 51 52 37 36 27 50 5 63 46 53 29 43 26 58 19 48 18 38 32 44 4 8 25 22 40 12 17 10 42 34 61 45 2 
3137492,	1.631,	1.63789,	2016,	3137492,	5 23 18 26 32 20 38 35 17 34 30 6 63 42 54 45 41 0 46 25 2 29 59 56 16 57 9 11 43 39 50 40 7 27 3 24 60 55 52 13 44 49 47 33 22 62 58 61 10 31 12 8 1 15 51 48 21 53 36 14 28 4 37 19 
3582904,	1.629,	1.63789,	2016,	3582904,	33 45 41 8 50 26 20 40 15 25 62 32 47 38 0 5 24 30 11 19 53 46 52 18 43 29 37 23 44 42 13 1 28 14 3 48 7 63 36 27 39 55 61 58 51 56 12 17 10 59 16 34 57 60 6 54 22 9 4 31 21 2 49 35 
2951524,	1.631,	1.63789,	2016,	2951524,	0 28 33 52 7 1 24 26 17 56 39 21 22 12 32 54 10 37 15 50 25 20 31 14 48 43 59 5 19 13 8 62 51 45 4 46 55 63 11 42 35 30 60 57 18 2 49 36 41 6 23 58 61 27 53 16 44 47 29 9 34 40 38 3 
3263286,	1.634,	1.63789,	2016,	3263286,	36 56 2 33 49 4 40 0 48 52 54 55 21 16 58 6 1 30 18 63 22 10 61 57 46 44 14 13 38 28 31 59 19 15 53 35 37 25 17 26 8 9 7 5 47 34 41 42 23 29 24 32 27 3 50 12 43 39 51 11 20 62 45 60 
2713232,	1.658,	1.63789,	2016,	2713232,	12 37 34 16 14 50 25 31 11 10 1 55 13 9 29 0 28 59 48 43 36 52 26 47 6 42 18 3 61 39 4 45 21 51 38 44 33 35 22 41 58 24 17 8 23 62 20 40 5 7 30 27 32 56 46 57 53 60 15 2 19 49 63 54 
2460348,	1.632,	1.63789,	2016,	2460348,	56 63 46 16 4 45 22 11 50 14 32 25 20 60 48 3 62 52 23 36 38 44 33 54 35 0 1 6 51 17 13 37 28 24 39 15 58 8 27 55 7 21 61 47 43 53 12 57 30 41 40 5 10 9 59 26 49 31 42 34 29 2 18 19 
2537656,	1.632,	1.63789,	2016,	2537656,	41 14 32 7 39 16 48 8 62 60 20 27 36 23 19 45 15 22 9 3 5 10 21 2 35 61 26 55 46 18 47 11 6 34 4 1 25 44 57 54 0 52 58 49 50 13 63 24 12 51 33 56 28 31 38 30 40 59 37 29 42 43 17 53 
3107350,	1.63,	1.63789,	2016,	3107350,	29 57 31 16 13 32 63 22 46 25 2 11 24 30 20 14 39 59 21 50 15 61 47 19 58 5 23 9 41 10 1 60 45 36 37 27 12 3 53 44 56 0 51 38 42 7 18 52 6 8 54 49 4 48 62 55 28 26 43 40 17 35 34 33 
2577152,	1.632,	1.63789,	2016,	2577152,	22 25 5 46 24 3 41 63 42 10 14 21 52 47 60 54 58 57 40 32 26 62 7 36 17 28 61 44 30 2 29 20 8 27 19 18 15 6 9 12 31 59 34 38 39 11 50 45 4 16 33 1 49 43 37 23 35 13 0 53 51 48 55 56 
3583218,	1.631,	1.63789,	2016,	3583218,	20 0 58 12 35 59 11 50 42 21 30 27 5 56 1 34 19 47 6 3 53 49 18 40 38 23 44 15 17 51 36 9 62 26 55 13 2 39 8 16 7 54 45 25 41 22 52 14 43 63 57 10 60 46 29 37 31 61 24 28 32 4 48 33 
3247696,	1.631,	1.63789,	2016,	3247696,	21 9 28 38 15 14 13 24 6 33 54 5 50 51 17 60 40 29 62 56 1 18 25 2 0 27 46 58 39 8 42 19 48 52 36 32 53 10 41 49 44 12 57 4 59 47 63 37 23 45 3 31 22 43 26 61 7 34 35 30 20 55 16 11 
2532580,	1.635,	1.63789,	2016,	2532580,	27 12 15 2 38 55 36 52 61 37 5 16 32 19 18 51 0 41 57 42 33 46 60 24 30 11 13 20 23 35 21 4 63 10 14 45 1 43 3 7 56 17 25 8 34 48 22 40 28 62 9 26 6 58 53 49 29 50 39 59 54 47 31 44 
2658358,	1.632,	1.63789,	2016,	2658358,	37 34 45 4 14 58 32 43 28 31 39 12 63 47 55 62 13 60 21 49 51 40 29 3 16 42 20 59 15 57 22 0 54 10 17 56 5 1 26 35 11 50 23 53 6 9 2 36 7 19 25 41 30 24 46 61 38 27 18 52 8 48 33 44 
3754168,	1.63,	1.63789,	2016,	3754168,	51 43 35 34 42 21 63 59 29 7 52 13 31 5 27 55 47 10 48 50 37 25 39 8 14 20 45 17 19 11 57 49 40 58 18 6 62 56 15 9 3 1 28 60 23 16 4 32 38 26 0 61 2 30 46 24 53 36 54 12 41 44 33 22 
2694886,	1.631,	1.63789,	2016,	2694886,	5 0 39 44 7 43 47 23 27 18 37 51 4 8 22 50 52 54 25 49 33 10 19 2 17 63 40 3 14 11 29 60 20 9 16 35 28 12 61 53 6 26 32 41 13 34 15 38 36 55 59 24 21 48 31 62 1 56 46 42 45 57 58 30 
3431516,	1.63,	1.63789,	2016,	3431516,	28 47 36 59 7 39 8 37 53 45 23 0 27 1 41 30 46 51 43 48 6 4 35 20 57 15 21 22 31 25 50 42 5 55 13 24 3 38 61 2 54 60 9 29 16 19 11 14 18 34 58 32 26 44 33 63 10 17 40 56 62 52 12 49 
2521072,	1.634,	1.63789,	2016,	2521072,	55 20 18 33 4 51 8 43 3 61 35 24 29 52 25 49 44 42 31 26 56 22 41 17 27 30 23 12 19 53 58 11 47 60 40 38 16 54 9 28 10 59 1 13 14 5 46 32 15 34 50 39 62 45 2 36 7 37 63 0 6 57 21 48 
3432940,	1.629,	1.63789,	2016,	3432940,	22 21 57 53 29 51 32 36 37 8 23 58 44 50 19 17 14 47 26 4 16 30 38 39 2 31 27 54 28 20 59 35 34 13 60 3 5 15 18 56 61 40 25 6 48 12 49 63 33 41 7 1 43 62 11 10 52 24 0 46 55 42 45 9 
4117300,	1.627,	1.63789,	2016,	4117300,	58 50 55 21 35 46 38 47 51 45 48 63 39 13 31 54 37 34 60 8 33 61 56 5 53 40 19 59 25 1 26 36 17 6 44 20 10 27 62 43 7 9 2 0 29 28 30 14 12 49 52 22 3 23 16 18 15 41 11 24 32 42 4 57 
2891746,	1.631,	1.63789,	2016,	2891746,	33 29 50 14 0 45 13 57 60 21 15 3 46 42 54 10 59 25 20 31 43 58 38 27 49 9 44 4 22 17 62 35 19 61 18 39 12 26 7 52 8 11 16 53 37 28 24 56 41 63 30 55 40 51 23 6 36 5 32 48 34 47 2 1 
3358110,	1.63,	1.63789,	2016,	3358110,	13 38 36 7 6 18 30 8 5 22 62 19 49 45 48 53 15 21 3 34 1 27 50 44 17 58 0 16 23 60 10 35 25 42 9 14 28 40 31 20 63 43 37 56 41 47 11 24 33 61 2 46 39 4 32 54 59 12 29 51 26 57 52 55 
2495950,	1.632,	1.63789,	2016,	2495950,	62 36 22 4 16 9 19 24 0 52 3 50 21 51 7 53 18 29 54 40 31 27 33 60 26 17 41 46 37 35 5 14 48 58 6 30 59 47 57 39 23 10 56 38 25 34 49 45 15 44 11 61 42 63 28 20 32 43 55 8 2 12 1 13 
2930222,	1.636,	1.63789,	2016,	2930222,	50 63 2 29 59 48 52 39 8 57 1 19 41 33 38 62 51 46 20 18 34 31 49 0 14 36 28 35 11 6 60 42 44 37 16 58 54 15 13 32 12 7 47 5 27 25 21 55 9 3 10 43 4 61 23 45 22 17 56 26 40 53 24 30 
2868102,	1.631,	1.63789,	2016,	2868102,	43 38 47 10 37 3 0 36 12 61 14 1 29 5 52 58 59 42 62 8 55 11 28 7 40 35 51 30 54 57 15 41 50 6 25 33 53 45 4 63 22 44 20 34 39 26 9 24 19 18 31 16 32 48 13 46 56 60 17 21 23 49 27 2 
2920534,	1.632,	1.63789,	2016,	2920534,	40 26 62 48 63 44 51 42 12 3 7 59 29 60 9 52 37 56 23 58 19 21 41 30 55 14 25 13 24 32 57 8 28 5 27 18 50 54 47 15 4 35 43 45 61 6 20 36 49 46 31 39 16 34 38 53 1 0 11 2 10 33 17 22 
2534102,	1.631,	1.63789,	2016,	2534102,	41 36 11 19 23 38 21 56 0 53 35 61 6 62 34 63 26 24 7 31 47 43 45 46 37 20 33 9 22 40 57 49 59 50 30 3 16 4 18 29 44 28 27 14 55 48 1 8 15 42 12 5 17 2 32 25 52 54 13 58 60 51 39 10 
3505574,	1.632,	1.63789,	2016,	3505574,	47 40 24 39 31 51 38 60 62 43 7 57 56 6 4 13 18 14 49 63 22 55 16 59 35 45 27 44 48 19 61 12 23 36 8 9 15 1 2 46 58 50 54 32 28 17 0 29 10 52 25 33 26 30 11 21 20 34 42 3 53 41 5 37 
2869000,	1.633,	1.63789,	2016,	2869000,	56 59 45 32 10 63 60 41 5 6 26 48 12 57 47 14 31 29 49 1 9 33 25 40 55 23 27 13 58 2 39 53 37 15 62 19 11 38 36 17 0 7 50 35 61 44 8 34 43 16 51 52 4 30 46 24 28 42 22 18 20 54 3 21 
3454608,	1.631,	1.63789,	2016,	3454608,	6 40 7 2 50 0 19 38 54 62 9 61 5 58 57 10 16 18 23 14 41 44 39 21 11 43 8 52 37 25 20 3 32 59 53 29 15 24 17 22 45 47 60 51 35 31 27 49 12 63 1 13 4 28 48 42 34 33 36 26 55 46 56 30 
3035034,	1.631,	1.63789,	2016,	3035034,	24 29 9 36 2 46 44 8 27 51 5 59 35 10 32 38 53 54 12 22 34 41 57 52 13 1 25 43 20 21 60 28 15 19 14 23 55 37 61 48 11 31 50 56 40 58 49 33 3 26 62 47 39 6 4 30 63 7 42 0 18 17 45 16 
2539832,	1.63,	1.63789,	2016,	2539832,	47 37 15 63 61 8 3 60 21 54 28 51 33 24 29 14 56 55 42 58 30 34 43 36 40 62 53 45 20 22 23 5 0 11 18 7 12 13 6 46 49 16 9 41 39 2 25 59 19 32 27 26 1 4 50 10 17 52 38 44 48 57 31 35 
2937512,	1.631,	1.63789,	2016,	2937512,	10 29 34 40 43 30 3 27 35 12 58 14 39 52 2 46 45 49 8 9 23 11 54 62 15 55 59 31 20 5 1 38 21 32 47 4 17 36 18 61 50 57 53 16 63 7 28 51 26 0 25 41 19 44 56 37 13 60 48 6 24 22 33 42 
2649052,	1.629,	1.63789,	2016,	2649052,	41 33 29 40 4 6 57 31 13 8 16 53 55 18 10 63 15 3 12 48 32 20 23 62 58 17 44 49 52 39 21 11 14 35 19 37 34 36 60 50 27 5 51 9 38 59 47 2 46 22 43 45 25 30 0 7 24 61 56 26 28 1 54 42 
2793434,	1.632,	1.63789,	2016,	2793434,	12 0 8 23 33 56 37 51 43 46 62 52 48 10 58 54 21 31 13 53 29 36 19 26 9 30 20 57 55 59 25 38 11 45 42 15 7 18 40 17 41 50 1 49 27 61 22 44 63 24 39 6 34 16 3 47 5 28 14 2 60 4 32 35 
2482474,	1.629,	1.63789,	2016,	2482474,	51 33 27 52 39 17 15 55 38 2 43 20 7 1 6 54 57 46 49 58 34 24 14 30 44 18 29 12 10 8 60 41 13 11 32 59 4 50 53 16 3 48 56 37 62 21 63 22 25 40 0 35 42 45 26 19 23 61 28 9 36 31 47 5 
3569354,	1.63,	1.63789,	2016,	3569354,	31 22 32 33 52 30 35 36 28 34 40 6 54 42 12 7 14 59 9 43 53 38 48 62 55 49 15 44 23 21 41 16 19 25 29 50 46 3 26 47 8 5 39 60 10 24 2 20 45 0 37 13 57 56 61 17 63 1 18 11 4 58 51 27 
3169550,	1.628,	1.63789,	2016,	3169550,	15 47 50 0 26 28 56 20 63 29 51 55 45 42 43 14 1 61 2 30 53 5 49 23 58 19 6 25 21 27 59 46 54 24 17 8 16 34 3 62 31 41 39 7 13 37 35 60 48 57 38 36 10 11 18 22 12 40 9 52 33 4 32 44 
3457366,	1.629,	1.63789,	2016,	3457366,	3 29 56 30 0 35 7 61 47 34 36 63 62 59 8 21 40 28 53 25 50 24 49 11 44 32 18 5 22 10 19 2 55 23 48 17 58 42 12 41 60 4 46 45 51 27 43 52 26 16 39 9 37 13 54 57 6 20 31 33 1 38 14 15 
2930272,	1.631,	1.63789,	2016,	2930272,	60 31 46 3 55 42 18 59 10 36 11 13 49 30 15 8 54 38 28 53 56 16 45 39 1 25 41 58 24 5 19 43 50 21 48 17 52 47 2 33 0 57 32 63 34 14 29 20 35 4 40 37 26 62 61 7 22 6 9 27 23 51 12 44 
2659454,	1.63,	1.63789,	2016,	2659454,	56 30 59 40 33 0 20 4 10 14 15 25 49 62 42 55 57 1 44 51 5 45 28 13 38 16 53 26 3 32 46 39 47 35 12 19 31 54 60 36 24 37 8 41 17 22 48 63 7 9 58 18 23 50 29 11 21 27 61 52 2 34 6 43 
2711040,	1.628,	1.63789,	2016,	2711040,	57 43 58 0 16 9 26 54 56 45 29 19 41 35 47 62 24 10 32 63 4 23 12 44 7 33 48 28 25 52 13 21 59 53 15 2 3 6 39 31 8 42 18 36 40 61 17 46 38 50 27 37 5 22 60 30 34 20 14 1 55 51 49 11 
3698528,	1.635,	1.63789,	2016,	3698528,	63 29 51 3 43 44 22 15 54 30 38 62 14 21 9 55 0 6 13 39 11 61 23 24 50 56 16 37 12 31 7 42 53 41 40 33 32 48 49 8 26 34 60 2 59 58 36 10 52 17 19 57 47 18 20 27 25 4 35 46 5 1 28 45 
3290478,	1.629,	1.63789,	2016,	3290478,	8 31 32 40 14 59 26 39 35 46 12 45 47 25 55 37 52 5 50 34 3 28 22 11 30 58 36 19 7 41 6 56 18 15 4 38 13 62 33 43 9 51 61 48 63 49 57 21 17 27 24 10 16 0 53 44 1 2 29 23 20 54 60 42 
2465018,	1.631,	1.63789,	2016,	2465018,	22 54 42 39 6 24 23 49 27 19 45 8 52 44 36 37 29 3 14 63 26 33 25 50 4 41 61 48 18 60 11 58 43 62 13 46 38 56 34 10 0 12 30 40 5 20 15 47 9 57 16 2 31 55 32 59 21 35 1 17 51 7 28 53 
2714804,	1.628,	1.63789,	2016,	2714804,	40 61 41 0 54 20 27 11 48 1 10 43 30 62 36 22 34 46 4 21 26 63 28 51 38 12 31 58 17 2 50 42 6 5 45 56 25 59 18 52 19 16 7 14 37 35 29 55 24 33 47 57 49 53 3 13 23 9 32 15 39 44 8 60 
2477916,	1.632,	1.63789,	2016,	2477916,	62 27 41 13 2 60 28 48 10 15 9 25 47 40 51 3 44 46 29 5 6 18 32 58 57 55 0 49 36 19 52 4 23 42 33 31 50 26 30 8 11 22 56 37 12 14 24 34 16 1 59 38 20 39 35 17 63 54 45 61 53 7 43 21 
2506036,	1.631,	1.63789,	2016,	2506036,	25 26 34 40 50 53 60 0 39 29 5 11 54 27 12 7 41 55 46 44 19 24 14 31 23 32 59 2 33 17 9 13 52 37 56 47 10 15 49 6 28 58 51 36 42 38 8 63 16 61 57 21 4 62 45 43 3 20 48 35 1 18 30 22 
2612296,	1.629,	1.63789,	2016,	2612296,	55 24 60 59 51 45 49 36 1 22 35 9 7 26 5 31 11 63 61 15 3 54 8 23 38 44 57 30 21 0 39 13 4 16 41 34 14 53 50 33 27 25 19 46 56 12 32 62 28 2 37 42 17 47 40 20 18 52 58 10 6 43 29 48 
2577576,	1.632,	1.63789,	2016,	2577576,	26 55 51 60 24 41 13 5 31 47 37 49 10 59 21 44 33 16 20 34 12 27 18 0 17 29 8 56 30 45 23 4 1 46 50 15 3 58 63 25 2 14 48 42 7 32 54 22 53 28 43 57 6 35 36 19 62 40 38 61 39 52 9 11 
2829926,	1.628,	1.63789,	2016,	2829926,	1 62 46 20 63 26 33 60 41 17 39 34 8 56 19 31 43 47 4 13 6 5 49 48 0 12 32 36 61 58 59 51 3 10 22 38 21 54 7 25 55 11 40 27 30 45 57 35 18 9 16 52 29 50 24 42 44 37 23 14 15 2 53 28 
2458068,	1.633,	1.63789,	2016,	2458068,	45 25 9 24 2 7 11 42 40 61 13 58 47 26 62 32 56 60 33 41 15 14 53 5 12 46 38 0 57 50 48 28 8 30 31 63 6 49 4 39 52 10 23 51 54 27 22 3 55 36 59 17 19 43 37 1 20 35 29 18 21 34 16 44 
3160478,	1.646,	1.63789,	2016,	3160478,	29 19 11 27 0 16 50 14 18 4 8 63 30 41 31 21 13 20 32 46 1 62 37 43 42 5 38 51 9 47 33 55 45 52 23 49 12 40 56 6 58 57 39 25 59 7 35 26 10 15 60 2 61 17 36 44 24 22 48 3 53 34 28 54 
2344930,	1.633,	1.63789,	2016,	2344930,	17 10 12 4 14 0 47 19 33 42 49 38 62 58 32 13 36 21 43 3 27 35 16 44 50 22 54 18 6 31 26 61 39 60 37 56 29 59 34 23 46 11 24 5 25 20 15 30 40 52 41 8 1 45 9 63 28 55 7 53 48 2 57 51 
2718178,	1.642,	1.63789,	2016,	2718178,	9 25 24 20 8 3 46 42 21 5 23 43 45 4 19 51 47 50 39 13 63 27 52 62 59 37 34 22 57 29 54 32 49 35 56 41 61 14 2 38 15 26 30 1 7 17 28 18 0 58 11 44 12 33 40 36 31 60 16 6 55 48 10 53 
3074506,	1.629,	1.63789,	2016,	3074506,	5 28 9 38 10 19 7 51 36 2 52 20 25 39 55 58 31 34 47 17 23 59 63 21 62 61 13 30 18 43 27 14 60 50 54 29 46 8 0 12 53 57 49 26 22 16 44 40 35 42 33 48 15 6 41 56 1 45 4 37 3 24 11 32 
3235722,	1.628,	1.63789,	2016,	3235722,	6 34 5 36 45 62 32 46 0 35 58 44 25 29 51 22 53 2 37 11 18 60 52 27 13 47 31 39 57 49 9 12 4 50 26 63 1 16 33 28 48 21 17 54 8 14 38 59 19 23 42 43 55 7 41 15 20 24 40 10 61 3 30 56 
2953412,	1.646,	1.63789,	2016,	2953412,	11 5 8 14 28 18 20 53 48 13 59 39 60 9 12 33 10 30 37 21 54 32 40 62 34 6 52 3 51 17 7 26 36 38 35 1 0 27 42 25 57 50 23 46 4 43 29 63 2 56 31 16 58 47 44 61 49 45 55 19 24 15 41 22 
3005460,	1.67,	1.63789,	2016,	3005460,	20 35 25 23 27 15 16 50 44 7 48 14 38 31 26 11 39 56 36 12 45 9 52 33 63 51 30 59 13 10 58 62 6 5 41 61 8 1 32 40 60 19 55 29 37 28 49 4 0 17 43 54 21 34 42 57 3 47 2 18 53 24 46 22 
2922368,	1.637,	1.63789,	2016,	2922368,	34 22 20 53 18 55 63 19 45 1 47 25 7 5 24 48 23 9 43 28 51 60 58 42 52 59 38 17 49 54 6 8 14 26 37 3 56 16 2 32 13 21 50 4 31 62 30 0 44 11 61 35 33 46 10 29 41 15 39 57 12 36 40 27 
2543076,	1.631,	1.63789,	2016,	2543076,	51 53 2 21 34 30 3 57 41 32 18 61 12 58 17 42 28 11 16 9 19 39 0 22 27 45 50 6 31 60 35 37 26 40 29 1 15 10 8 56 38 48 13 7 24 62 52 20 33 23 63 44 49 36 54 5 59 25 14 55 47 46 43 4 
2976264,	1.639,	1.63789,	2016,	2976264,	9 27 26 0 18 2 56 35 42 54 51 60 22 59 29 57 5 32 43 6 3 30 46 41 33 8 45 7 15 39 20 17 10 23 16 62 48 21 58 53 28 40 24 63 13 1 19 50 47 52 55 12 25 14 44 34 37 61 38 36 49 31 4 11 
3134496,	1.642,	1.63789,	2016,	3134496,	36 29 38 28 18 6 5 43 32 47 22 62 24 56 4 35 59 48 46 57 19 44 17 40 50 10 58 41 61 42 1 21 30 15 39 8 11 23 37 7 52 12 25 16 14 60 27 34 20 9 2 54 45 0 33 26 3 55 51 49 63 31 13 53 
2972764,	1.647,	1.63789,	2016,	2972764,	2 31 63 57 54 22 40 52 9 10 1 25 37 42 3 23 36 48 32 20 0 19 11 55 59 12 56 27 34 46 5 13 35 26 58 7 16 62 49 45 51 53 17 24 43 44 33 18 8 60 21 41 30 28 6 39 50 14 29 4 47 61 15 38 
2971360,	1.695,	1.63789,	2016,	2971360,	37 38 50 42 23 4 28 56 15 31 3 24 44 63 0 34 60 43 40 30 36 41 21 52 5 32 16 19 7 10 17 13 20 11 14 8 57 45 51 6 26 29 55 48 53 12 54 47 49 59 22 58 27 25 46 9 1 18 35 33 39 62 2 61 
3205640,	1.66,	1.63789,	2016,	3205640,	12 21 53 19 20 0 47 62 1 63 23 3 18 42 8 56 36 44 61 40 17 39 55 46 28 4 51 59 31 10 9 48 32 30 16 60 33 7 24 2 45 26 27 37 5 54 41 38 57 49 43 35 15 29 58 6 14 25 34 13 50 52 22 11 
2840362,	1.693,	1.63789,	2016,	2840362,	55 10 50 3 1 35 23 56 15 43 22 36 45 30 32 21 18 33 29 0 2 25 54 12 7 44 62 4 52 34 46 28 26 39 8 48 41 38 9 5 11 47 16 6 58 27 61 60 13 59 42 37 20 14 57 53 17 63 40 51 19 31 49 24 
3417964,	1.642,	1.63789,	2016,	3417964,	39 32 3 57 2 41 62 21 59 10 4 34 40 12 55 50 37 7 51 58 0 11 27 23 46 25 6 8 1 35 20 52 53 60 31 38 16 45 19 43 29 9 24 5 63 14 28 17 30 36 42 48 18 61 13 22 33 26 56 49 54 44 47 15 
2397652,	1.656,	1.63789,	2016,	2397652,	26 37 15 59 40 5 56 10 0 58 39 33 43 53 42 60 51 21 47 24 63 8 55 46 27 35 36 54 6 20 62 29 18 41 1 9 22 12 45 44 16 19 2 4 48 7 25 3 57 38 13 11 28 31 49 50 61 23 30 34 32 14 52 17 
2704546,	1.64,	1.63789,	2016,	2704546,	18 51 49 9 22 14 57 3 11 37 24 35 30 21 29 12 59 15 19 36 43 27 60 26 45 10 25 47 7 39 2 55 4 0 31 48 53 56 42 17 38 61 6 23 58 28 16 44 52 50 54 32 63 33 1 41 5 34 13 62 20 40 46 8 
2639560,	1.65,	1.63789,	2016,	2639560,	14 41 19 47 40 56 20 45 35 31 7 50 26 53 21 24 38 63 0 51 60 43 49 16 15 1 4 29 33 42 13 37 44 17 34 30 2 28 46 39 23 59 10 8 62 58 6 54 9 55 57 22 61 52 18 36 48 5 32 11 12 25 27 3 
2739568,	1.637,	1.63789,	2016,	2739568,	15 34 13 25 54 40 17 58 6 28 63 14 52 9 53 18 60 44 51 1 16 50 39 4 49 26 23 59 27 47 11 10 21 20 45 2 24 55 42 3 57 32 31 56 38 7 22 5 41 48 62 12 30 35 61 0 19 36 29 8 43 37 46 33 
2741152,	1.648,	1.63789,	2016,	2741152,	20 51 39 18 29 35 37 50 30 33 62 55 10 27 0 4 17 28 60 56 61 36 13 16 12 2 49 48 47 25 31 40 63 23 24 7 15 38 11 32 22 26 14 8 52 44 21 5 54 19 53 1 3 46 57 34 43 45 9 6 41 58 59 42 
2705648,	1.715,	1.63789,	2016,	2705648,	29 47 0 41 61 46 37 31 2 56 13 33 6 20 21 10 53 9 38 45 26 5 62 25 63 60 24 34 28 36 11 23 32 27 22 44 51 48 50 8 58 17 39 43 18 19 35 59 7 16 55 52 49 40 54 12 1 4 3 14 42 15 30 57 
2909618,	1.669,	1.63789,	2016,	2909618,	42 52 57 20 35 48 1 39 10 26 3 33 19 41 53 11 13 50 61 4 37 12 24 8 49 47 36 28 6 63 29 60 30 16 18 43 38 62 59 21 15 23 54 0 51 58 2 14 9 45 55 5 25 27 31 40 44 34 7 46 17 22 56 32 
3393500,	1.676,	1.63789,	2016,	3393500,	59 38 50 57 58 22 5 42 15 48 3 33 40 54 39 52 18 47 10 27 4 23 55 37 20 16 12 51 21 34 24 45 32 49 43 29 25 30 9 53 46 26 36 17 8 28 44 6 0 14 7 56 1 19 13 2 35 11 61 60 62 41 63 31 
2659012,	1.662,	1.63789,	2016,	2659012,	17 63 20 40 18 1 35 33 39 56 52 16 54 41 60 55 43 42 21 13 61 10 36 48 26 37 8 5 45 59 31 12 25 23 57 44 62 50 58 2 0 34 22 28 51 30 49 9 11 29 24 6 53 14 15 38 46 4 19 7 32 27 47 3 
3156500,	1.668,	1.63789,	2016,	3156500,	43 9 20 11 18 26 50 38 4 46 13 51 58 32 30 21 24 47 0 41 16 27 7 52 28 29 37 14 39 5 22 56 36 25 45 57 34 33 40 62 61 2 23 63 3 17 6 44 10 8 31 59 54 35 53 60 15 55 49 42 48 19 1 12 
2595262,	1.651,	1.63789,	2016,	2595262,	9 52 30 18 6 36 33 49 38 12 57 0 8 46 21 23 63 60 28 48 51 41 56 35 34 43 4 19 45 53 39 14 59 10 58 31 5 37 1 42 3 17 7 40 22 26 2 20 13 27 11 55 25 50 62 61 54 47 24 29 16 44 32 15 
2815530,	1.669,	1.63789,	2016,	2815530,	44 63 12 2 18 61 3 27 43 56 38 0 6 59 53 39 30 58 22 57 16 21 47 28 37 26 9 35 55 42 11 51 62 8 24 13 34 46 31 5 7 33 15 60 25 23 49 20 29 48 32 19 36 17 10 50 54 45 1 52 4 40 14 41 
3038574,	1.632,	1.63789,	2016,	3038574,	18 56 37 13 19 23 0 29 5 41 14 34 36 22 58 42 24 53 16 59 1 49 11 52 28 31 20 35 12 8 47 21 3 4 30 57 46 32 40 48 27 7 51 33 43 50 15 17 44 54 60 45 63 62 39 9 2 26 38 6 25 61 10 55 
3507374,	1.726,	1.63789,	2016,	3507374,	61 11 35 40 36 39 46 24 51 27 60 37 38 21 3 48 6 29 22 16 26 15 33 32 58 12 43 9 55 19 13 53 8 57 10 59 42 2 54 1 34 7 41 62 31 52 28 45 56 47 63 5 4 17 20 49 23 25 18 0 14 30 44 50 
2418108,	1.651,	1.63789,	2016,	2418108,	45 42 48 12 25 9 6 54 29 1 60 19 55 13 5 51 58 8 43 41 7 10 38 32 44 47 40 0 21 30 11 23 18 2 36 16 24 57 31 3 52 17 63 4 62 35 53 61 49 39 37 56 14 20 28 22 33 26 15 46 34 50 59 27 
2995700,	1.647,	1.63789,	2016,	2995700,	32 47 40 42 14 58 59 37 28 5 35 36 0 10 54 15 48 60 43 2 9 62 20 24 44 41 61 27 6 22 26 1 31 19 30 4 33 51 17 11 16 8 34 3 13 55 53 46 57 25 21 29 39 38 56 18 45 52 7 23 50 49 12 63 
3260926,	1.644,	1.63789,	2016,	3260926,	24 58 15 5 44 54 57 23 61 6 14 18 19 37 45 28 42 49 47 50 2 3 31 16 52 56 22 7 41 55 32 34 17 0 33 12 30 36 35 62 27 46 63 39 25 43 60 51 11 29 48 38 4 10 13 21 9 20 26 40 53 1 59 8 
2710668,	1.639,	1.63789,	2016,	2710668,	20 37 3 16 58 49 31 57 6 25 19 63 10 61 2 47 54 13 52 62 8 28 48 56 30 32 27 9 33 26 4 50 7 36 12 45 14 43 15 21 22 11 17 55 35 46 23 60 29 5 44 0 51 34 59 42 39 1 38 18 40 53 41 24 
3233460,	1.745,	1.63789,	2016,	3233460,	20 6 9 1 44 28 45 53 33 57 0 52 22 61 34 21 59 50 25 4 30 12 16 15 38 32 43 26 10 31 60 18 2 27 19 62 42 47 7 29 23 55 17 46 36 40 51 24 48 39 3 41 5 13 14 63 8 35 11 49 58 54 37 56 
2399982,	1.731,	1.63789,	2016,	2399982,	24 55 59 12 6 21 50 14 0 49 18 36 61 42 37 3 20 60 39 35 13 15 2 10 44 54 19 23 16 11 43 32 62 63 7 57 56 22 1 9 58 47 31 51 46 53 5 48 34 25 4 8 45 30 52 29 28 41 33 17 26 27 38 40 
2385260,	1.72,	1.63789,	2016,	2385260,	33 16 40 26 45 14 35 1 52 31 11 50 10 55 57 39 62 56 63 25 24 3 61 58 27 0 38 36 15 13 32 29 42 47 6 22 5 46 2 41 7 28 21 23 30 4 9 34 17 53 59 12 51 37 54 44 8 60 18 19 43 48 49 20 
3237842,	1.661,	1.63789,	2016,	3237842,	46 41 34 7 59 0 17 51 28 58 57 15 2 18 38 23 54 1 20 53 50 55 35 29 24 14 12 3 13 47 60 62 10 63 31 8 45 11 33 25 21 16 42 32 30 37 6 9 26 5 36 40 19 61 49 56 44 22 27 52 48 4 39 43 
2607510,	1.647,	1.63789,	2016,	2607510,	63 26 23 42 15 0 37 45 24 34 20 47 59 55 22 28 53 48 16 13 2 21 9 1 43 25 60 33 52 39 31 5 49 62 6 56 51 19 4 10 27 50 44 36 18 11 30 61 54 35 3 40 8 32 38 41 14 57 46 12 17 58 29 7 
2980292,	1.674,	1.63789,	2016,	2980292,	21 61 31 22 58 8 57 0 49 34 44 29 24 1 30 18 53 32 3 4 37 55 2 54 23 7 47 45 35 59 26 5 46 52 9 60 11 25 17 28 51 36 27 56 38 43 14 19 12 16 13 15 20 33 41 6 50 39 62 42 63 10 48 40 
2850926,	1.649,	1.63789,	2016,	2850926,	47 49 2 36 42 11 61 24 30 33 31 25 9 0 23 6 52 21 14 35 29 55 13 41 51 17 16 39 59 3 10 34 63 56 27 8 45 1 53 57 26 20 58 43 50 15 22 44 46 32 18 60 19 62 12 5 54 4 37 48 40 38 7 28 
3104146,	1.68,	1.63789,	2016,	3104146,	13 8 26 23 37 35 5 61 31 55 6 60 43 33 25 51 42 29 15 62 21 46 63 11 52 41 19 18 48 4 44 0 17 10 2 38 47 22 1 40 32 49 54 56 20 3 24 50 14 28 45 27 34 59 9 16 57 12 39 53 36 7 30 58 
2774104,	1.753,	1.63789,	2016,	2774104,	47 23 18 45 61 10 54 8 28 20 51 19 56 22 30 29 32 34 9 15 17 40 0 37 46 35 31 11 1 14 36 43 39 4 25 59 3 48 63 58 52 13 7 62 33 41 38 21 6 26 12 27 53 49 24 42 5 50 60 55 44 2 57 16 
2750714,	1.672,	1.63789,	2016,	2750714,	21 3 2 63 18 45 58 51 37 39 56 16 30 6 31 42 25 7 55 46 47 32 53 49 24 34 28 17 60 41 9 23 14 50 29 5 44 0 13 20 11 35 8 59 1 33 43 61 19 57 54 10 40 12 15 62 52 27 26 4 22 48 38 36 
2493568,	1.679,	1.63789,	2016,	2493568,	0 31 49 9 47 60 25 21 43 39 55 11 44 32 20 6 23 27 57 17 18 15 53 61 35 28 4 41 1 56 40 48 19 38 63 8 24 34 10 22 7 42 59 29 52 58 30 14 54 2 45 33 36 50 12 62 3 51 5 37 13 16 46 26 
2654336,	1.697,	1.63789,	2016,	2654336,	47 10 59 13 11 25 6 60 45 48 43 57 61 12 42 50 41 28 1 5 15 0 62 16 18 44 19 39 63 4 27 55 46 9 22 54 21 58 53 24 23 33 49 3 36 31 37 38 40 35 34 52 14 26 7 30 29 56 2 20 8 17 51 32 
2917118,	1.689,	1.63789,	2016,	2917118,	34 14 12 59 61 45 38 5 35 15 1 36 29 21 57 42 54 16 44 10 20 48 47 49 56 41 19 0 22 6 3 28 9 32 63 25 62 13 51 7 37 24 17 18 31 55 39 50 27 11 53 40 4 2 43 60 58 23 26 33 46 52 30 8 
2590390,	1.723,	1.63789,	2016,	2590390,	26 15 56 38 2 37 19 39 14 58 42 12 16 20 34 18 10 45 27 31 21 63 36 51 54 9 62 29 35 46 40 24 49 57 5 44 33 52 48 41 50 23 43 0 28 55 17 47 11 60 13 1 53 22 3 8 7 61 30 59 4 6 32 25 
2951866,	1.646,	1.63789,	2016,	2951866,	21 36 11 49 61 47 58 41 63 6 50 37 3 8 53 55 24 17 30 16 43 54 31 29 25 33 26 13 38 39 42 9 46 0 5 45 56 15 32 40 34 23 22 35 51 59 4 7 18 52 10 27 19 60 57 12 1 2 14 62 48 44 28 20 
2423384,	1.654,	1.63789,	2016,	2423384,	21 39 61 34 1 8 28 38 58 55 53 32 11 48 59 7 57 25 17 54 9 60 12 56 49 43 26 30 2 40 44 20 51 62 0 41 31 63 15 23 10 36 37 22 27 3 16 45 52 35 29 47 42 18 4 14 50 46 6 24 5 33 13 19 
2819470,	1.661,	1.63789,	2016,	2819470,	26 47 57 41 3 59 58 29 23 46 45 21 63 36 7 55 35 37 9 53 43 39 30 60 5 15 44 12 8 33 61 54 32 42 52 13 6 4 40 24 38 0 22 14 18 27 50 31 10 25 34 28 17 20 19 48 2 1 62 16 11 49 56 51 
2636224,	1.675,	1.63789,	2016,	2636224,	34 21 55 0 46 59 44 25 2 9 40 58 18 10 51 24 30 42 57 1 63 28 47 49 22 61 12 15 41 8 56 37 32 13 54 11 48 17 4 60 45 35 16 43 38 52 19 5 20 7 36 29 6 62 23 33 31 14 50 27 53 3 26 39 
2535242,	1.641,	1.63789,	2016,	2535242,	47 56 34 22 24 19 26 57 50 29 44 37 62 21 30 43 14 45 6 40 28 17 36 54 18 35 39 7 32 59 63 42 58 8 61 31 41 11 46 13 15 52 23 1 3 0 10 12 38 33 53 5 9 60 20 2 48 25 49 51 27 4 55 16 
2867876,	1.64,	1.63789,	2016,	2867876,	0 43 49 46 27 32 18 1 6 55 8 24 19 2 31 36 50 45 62 17 3 15 47 52 20 9 11 29 22 12 13 28 30 39 53 57 54 58 60 21 44 40 34 41 51 7 56 5 63 26 59 33 4 42 35 23 25 16 10 48 61 38 37 14 
2908458,	1.652,	1.63789,	2016,	2908458,	21 4 16 51 18 37 10 6 14 42 44 28 19 32 1 49 57 47 3 40 59 36 13 11 25 27 58 55 9 7 41 29 33 62 0 15 48 61 26 56 52 46 43 23 30 63 39 34 22 24 50 8 17 54 60 35 20 2 38 53 5 12 45 31 
3084282,	1.648,	1.63789,	2016,	3084282,	46 37 21 39 26 38 14 52 43 13 17 56 28 53 15 27 60 57 58 47 6 3 4 22 18 32 7 49 0 9 41 25 1 61 36 40 5 34 44 35 10 29 33 42 54 48 20 45 59 55 30 51 11 16 24 12 63 50 62 8 19 2 31 23 
3072878,	1.64,	1.63789,	2016,	3072878,	12 29 63 57 21 45 20 25 52 22 18 1 58 9 15 39 8 33 11 31 14 49 50 43 47 34 28 3 23 51 4 55 56 35 41 53 16 60 36 62 17 40 13 10 2 37 61 44 30 54 26 19 7 6 42 46 24 5 38 27 48 32 59 0 
2455548,	1.658,	1.63789,	2016,	2455548,	46 14 44 48 25 4 41 8 9 11 29 22 19 20 63 3 13 1 54 35 18 40 32 30 43 21 36 39 60 62 12 53 38 45 6 33 0 61 15 5 58 57 37 34 56 16 51 24 26 55 47 23 42 49 17 7 2 28 27 10 59 52 50 31 
2950698,	1.631,	1.63789,	2016,	2950698,	20 6 2 38 1 8 58 43 10 27 24 5 17 49 50 41 60 54 53 45 34 4 62 16 9 12 13 7 22 18 11 46 21 29 15 30 37 32 48 52 33 40 25 36 51 19 31 35 14 56 23 42 3 63 59 61 28 55 47 39 57 0 44 26 
3449292,	1.63,	1.63789,	2016,	3449292,	63 48 34 51 38 2 49 55 47 45 40 6 22 31 18 32 36 15 62 26 44 5 9 35 11 56 61 19 52 23 17 0 43 33 21 8 1 37 28 54 46 29 42 60 50 24 16 53 14 59 57 10 3 30 12 25 7 13 4 41 39 27 20 58 
3110004,	1.632,	1.63789,	2016,	3110004,	46 19 57 53 30 32 39 24 9 25 15 22 55 41 27 37 48 17 38 33 43 11 51 52 18 40 59 49 42 45 47 31 3 62 35 28 10 60 50 20 23 34 2 21 14 13 63 61 56 26 5 7 8 44 58 36 4 6 16 0 54 1 29 12 
2438558,	1.629,	1.63789,	2016,	2438558,	33 16 34 47 23 9 49 37 7 51 21 2 3 15 55 48 11 32 6 62 40 63 52 46 29 43 56 24 31 44 25 28 61 5 45 0 50 1 8 30 60 59 13 41 4 19 17 57 10 54 22 27 36 12 26 58 53 39 42 38 14 18 20 35 
2908630,	1.632,	1.63789,	2016,	2908630,	24 61 3 20 32 0 5 59 25 17 52 34 46 62 13 63 22 10 33 43 41 44 51 11 36 60 37 27 8 56 9 35 1 38 19 54 16 39 45 12 40 4 26 14 7 2 6 23 28 53 57 42 29 49 55 31 50 15 58 48 47 30 21 18 
3357926,	1.631,	1.63789,	2016,	3357926,	19 55 52 35 18 60 43 26 16 63 24 29 44 42 39 51 4 5 6 36 14 2 23 1 32 30 17 57 9 62 34 7 41 3 40 49 46 31 10 56 8 25 33 37 45 13 50 0 28 11 59 27 21 22 38 61 47 53 58 54 15 12 48 20 
3718342,	1.629,	1.63789,	2016,	3718342,	19 27 3 59 11 41 32 20 60 50 58 23 48 30 13 57 39 22 5 56 16 15 14 9 43 10 21 40 18 52 44 12 47 54 38 2 55 17 31 63 36 37 51 35 34 42 1 8 46 4 45 62 6 29 7 49 28 53 25 61 33 0 24 26 
2825134,	1.629,	1.63789,	2016,	2825134,	23 50 37 54 33 47 44 61 26 40 10 32 15 3 55 17 30 42 53 0 2 6 22 28 20 19 24 34 63 38 4 60 51 7 39 16 48 13 18 8 46 41 56 43 49 36 31 29 5 27 62 59 57 9 25 12 21 58 14 45 11 35 52 1 
2770756,	1.632,	1.63789,	2016,	2770756,	31 36 7 57 3 2 11 8 45 48 43 24 39 37 22 53 41 5 10 23 20 27 19 13 62 35 47 59 17 63 42 61 38 40 0 1 44 15 18 4 33 49 14 21 46 52 51 50 34 26 56 9 55 28 30 58 54 12 16 29 6 32 25 60 
2384338,	1.63,	1.63789,	2016,	2384338,	44 4 32 1 46 31 3 21 20 6 49 16 43 52 51 19 25 29 0 27 57 5 37 8 9 60 18 62 23 61 59 41 35 50 13 24 22 33 30 26 42 56 15 39 38 58 11 53 36 17 28 55 34 45 47 40 54 14 12 2 10 48 63 7 
2403074,	1.629,	1.63789,	2016,	2403074,	60 45 56 43 28 25 8 13 40 14 11 19 51 17 50 3 29 38 44 21 41 39 15 10 34 47 27 52 33 7 18 54 2 30 37 5 59 49 26 36 42 61 20 55 9 58 24 31 62 12 4 23 22 48 0 6 46 57 63 16 32 1 35 53 
2878078,	1.63,	1.63789,	2016,	2878078,	17 53 13 26 15 49 40 1 0 63 29 7 39 24 55 23 5 9 58 57 50 46 60 21 59 36 42 51 20 16 28 56 54 43 31 14 35 34 2 25 61 4 11 3 48 27 41 19 22 33 37 6 18 32 45 8 62 30 52 47 10 38 44 12 
2796290,	1.631,	1.63789,	2016,	2796290,	43 58 4 26 46 17 30 34 52 38 23 29 40 39 22 28 62 60 41 33 11 16 0 48 24 27 7 36 18 54 9 55 5 13 1 32 19 14 47 51 53 56 63 2 59 57 21 42 3 10 44 12 20 45 35 31 37 15 6 8 49 61 50 25 
3265626,	1.635,	1.63789,	2016,	3265626,	8 21 23 6 22 28 50 33 45 42 20 49 37 55 63 35 34 9 7 60 61 24 27 3 13 4 62 54 17 29 25 40 58 31 1 52 26 11 2 0 59 12 43 39 15 14 51 18 5 56 41 36 10 32 19 47 53 30 16 46 57 48 44 38 
3020572,	1.63,	1.63789,	2016,	3020572,	42 21 49 4 33 23 29 38 10 11 12 54 46 43 0 28 6 58 26 36 47 50 14 51 40 1 7 56 44 45 20 9 24 62 63 13 2 39 60 22 17 37 41 32 25 16 34 53 18 52 31 35 59 48 30 57 3 61 8 27 19 5 15 55 
3390752,	1.629,	1.63789,	2016,	3390752,	16 28 10 12 41 17 40 26 11 57 27 48 7 45 25 52 47 56 32 38 6 13 31 0 5 24 2 63 54 36 49 58 44 59 21 46 43 50 22 14 8 19 60 62 18 4 20 30 51 3 35 39 29 37 23 34 15 33 53 61 55 9 1 42 
3458400,	1.63,	1.63789,	2016,	3458400,	58 10 12 17 9 59 13 39 24 23 49 25 41 55 62 8 57 16 27 43 15 60 21 61 0 45 47 46 28 2 42 37 29 51 40 26 18 4 36 1 11 54 44 19 35 53 63 48 7 31 56 52 34 30 5 20 38 3 14 22 33 6 50 32 
3374006,	1.631,	1.63789,	2016,	3374006,	40 38 47 21 26 39 20 45 17 56 4 37 27 43 13 46 30 52 23 49 7 28 3 60 62 32 59 55 16 0 34 1 5 11 15 25 54 42 12 22 19 6 31 57 18 53 41 14 61 44 63 9 24 58 2 10 51 48 50 36 29 35 33 8 
2938030,	1.628,	1.63789,	2016,	2938030,	27 18 61 2 54 58 45 44 15 10 50 14 41 49 56 25 4 3 23 31 0 55 11 33 48 7 35 47 36 30 20 43 62 9 63 6 32 22 5 1 57 40 16 28 8 39 52 37 60 12 13 42 51 46 59 38 53 29 21 24 17 34 19 26 
2829700,	1.63,	1.63789,	2016,	2829700,	18 38 63 33 3 35 53 55 60 47 30 25 7 57 50 58 49 42 8 46 13 54 15 0 40 22 59 27 32 12 48 14 37 56 1 29 28 20 2 10 41 16 19 43 51 4 6 5 23 9 61 39 34 62 52 36 44 24 17 45 31 11 21 26 
2867788,	1.629,	1.63789,	2016,	2867788,	13 2 51 19 16 40 23 63 55 60 62 56 18 35 30 12 44 38 10 3 46 1 24 32 11 7 50 43 52 39 29 33 25 48 15 41 22 47 31 28 54 59 26 37 17 34 20 36 58 5 0 49 14 53 4 57 9 21 8 61 27 42 6 45 
2535464,	1.63,	1.63789,	2016,	2535464,	13 47 28 34 54 41 60 0 26 39 37 20 58 25 38 21 31 55 27 3 62 61 33 42 35 49 43 10 57 24 51 14 18 1 15 40 44 29 63 6 4 48 5 12 56 50 16 45 23 2 19 8 11 52 46 53 30 9 22 7 59 17 36 32 
2710158,	1.628,	1.63789,	2016,	2710158,	17 29 22 55 35 2 10 16 41 27 30 4 52 25 28 48 61 5 14 34 60 32 56 37 31 8 9 42 23 49 47 24 43 44 53 19 40 46 20 38 1 63 12 51 36 7 45 0 13 15 50 11 54 62 39 21 3 57 59 6 58 33 18 26 
2689740,	1.629,	1.63789,	2016,	2689740,	25 13 63 24 33 59 27 23 4 11 51 44 39 21 52 0 58 57 29 6 19 26 54 9 31 15 34 12 47 5 40 45 18 32 30 8 56 49 36 17 10 55 50 3 20 37 16 35 46 61 28 48 41 22 43 38 2 14 42 60 53 1 62 7 
3462230,	1.63,	1.63789,	2016,	3462230,	37 45 15 50 19 4 12 6 3 60 54 8 61 63 29 32 48 5 51 55 46 23 27 13 35 56 21 53 18 1 42 40 24 36 22 58 25 49 39 62 33 47 17 30 44 28 0 34 11 31 59 10 16 26 14 9 41 7 2 43 52 57 20 38 
2658636,	1.631,	1.63789,	2016,	2658636,	53 2 50 62 21 1 41 4 47 9 24 57 19 34 26 14 35 30 27 59 39 32 25 0 36 33 22 13 56 42 8 15 3 60 5 51 20 61 43 18 17 6 38 54 49 44 55 48 58 37 12 11 63 7 46 40 31 16 29 10 23 28 45 52 
2831264,	1.631,	1.63789,	2016,	2831264,	10 55 42 41 56 34 60 3 6 0 49 21 31 12 46 17 27 7 39 19 18 24 5 9 33 4 29 52 11 36 28 20 43 44 57 1 14 61 53 26 15 22 13 2 25 59 47 40 35 63 58 8 62 32 23 38 16 45 37 30 48 54 51 50 
2900242,	1.631,	1.63789,	2016,	2900242,	35 25 19 6 31 49 26 36 2 11 62 16 61 33 45 34 7 63 58 23 37 10 29 1 42 51 59 21 50 4 55 0 5 39 27 44 13 3 18 43 9 40 48 57 52 32 47 8 28 54 22 14 60 53 41 20 24 46 30 38 17 15 12 56 
3179194,	1.629,	1.63789,	2016,	3179194,	0 5 50 48 46 57 44 24 19 33 63 25 56 45 3 51 8 18 20 43 12 2 6 22 7 16 54 60 58 53 55 62 28 37 15 1 32 47 23 4 52 11 13 27 61 10 35 38 40 26 42 49 31 34 39 21 59 30 17 36 41 14 29 9 
2864844,	1.631,	1.63789,	2016,	2864844,	34 22 5 46 45 3 49 56 7 10 42 63 61 52 27 17 28 9 19 33 20 11 62 16 60 48 39 30 23 25 51 55 24 38 44 32 43 59 35 36 18 0 58 14 57 29 15 2 40 21 6 1 8 12 37 41 53 26 47 4 31 13 54 50 
2827530,	1.63,	1.63789,	2016,	2827530,	7 33 49 39 9 38 31 12 8 43 5 2 10 25 27 22 21 63 30 15 46 53 56 60 45 37 29 41 34 58 55 50 24 19 62 20 36 48 52 11 17 14 44 57 40 59 32 4 13 23 3 26 35 1 51 47 16 28 0 54 61 6 18 42 
2623204,	1.629,	1.63789,	2016,	2623204,	49 3 51 39 17 14 2 29 21 8 57 54 52 5 48 31 18 61 62 45 19 38 44 53 0 56 30 34 13 42 23 37 28 22 15 33 12 50 4 36 25 60 11 7 16 32 10 59 27 9 58 41 47 40 20 35 63 1 6 46 26 55 24 43 
2801640,	1.629,	1.63789,	2016,	2801640,	32 17 19 23 41 47 9 45 30 61 27 26 21 49 31 42 54 28 58 36 3 38 20 15 60 1 4 6 62 48 11 8 37 12 22 29 63 16 24 50 43 5 33 13 14 10 18 57 40 44 2 0 46 35 55 59 34 53 7 39 51 25 56 52 
3426238,	1.632,	1.63789,	2016,	3426238,	18 36 9 54 33 62 10 20 52 38 53 28 35 16 34 57 41 8 48 14 24 15 63 61 17 21 4 13 59 31 2 27 39 19 32 1 25 55 26 40 7 60 0 5 50 30 51 43 23 3 58 45 47 42 56 49 29 46 11 22 12 44 37 6 
2790152,	1.631,	1.63789,	2016,	2790152,	9 29 61 48 34 26 46 19 13 39 62 40 53 31 3 30 35 12 57 38 8 25 44 11 16 21 33 43 17 59 24 10 2 51 27 42 41 37 58 55 15 18 56 14 50 4 1 52 49 7 22 0 32 54 28 5 6 47 60 45 20 23 36 63 
3155432,	1.631,	1.63789,	2016,	3155432,	4 13 14 19 3 46 20 51 60 50 15 35 24 6 47 45 17 18 5 36 9 34 43 33 55 37 48 12 61 39 56 25 23 8 38 49 2 57 54 32 11 44 30 27 28 29 7 53 59 62 42 0 52 10 63 1 31 26 58 22 40 41 16 21 
3449964,	1.63,	1.63789,	2016,	3449964,	3 11 33 54 24 22 34 4 14 8 5 26 6 41 51 17 35 56 37 52 43 55 13 30 63 0 59 42 40 50 29 25 16 39 48 31 46 47 58 61 19 27 10 7 38 60 18 62 45 28 53 20 15 32 44 2 57 36 23 12 9 21 49 1 
3038512,	1.664,	1.63789,	2016,	3038512,	6 55 16 44 57 43 60 17 52 10 36 62 41 20 45 21 51 5 28 53 8 61 22 37 30 9 31 26 11 42 1 14 32 40 33 4 29 23 25 63 34 38 19 24 3 39 15 27 0 13 47 56 54 50 59 58 35 46 48 12 49 18 7 2 
2813588,	1.629,	1.63789,	2016,	2813588,	14 43 36 17 23 0 37 24 7 4 26 5 20 45 35 34 61 29 27 22 30 11 49 10 44 54 15 55 13 46 12 33 16 56 63 19 42 21 53 25 1 51 59 48 18 41 47 9 28 2 31 62 58 40 50 52 38 60 57 32 6 39 8 3 
3374938,	1.635,	1.63789,	2016,	3374938,	26 55 24 56 1 17 27 45 46 31 23 60 16 0 21 32 35 51 52 57 40 10 15 33 2 12 3 42 22 36 43 49 47 37 58 11 9 5 29 62 14 50 41 61 44 25 28 18 53 19 8 6 39 48 20 30 7 38 34 63 13 4 54 59 
2640640,	1.629,	1.63789,	2016,	2640640,	42 58 20 7 60 43 6 22 1 40 55 25 59 36 46 13 51 38 8 45 63 23 10 61 26 48 2 29 4 50 47 34 0 27 12 21 62 49 52 9 15 3 44 30 39 11 35 5 17 32 41 14 28 24 19 54 16 57 31 33 53 37 18 56 
2698822,	1.63,	1.63789,	2016,	2698822,	63 16 48 4 17 49 42 30 33 61 38 26 15 13 3 45 46 36 60 53 47 23 52 62 57 20 39 55 2 24 32 5 51 35 29 0 18 25 19 14 43 37 54 8 59 11 41 56 50 22 31 6 10 40 27 28 44 12 7 58 21 1 9 34 
3271334,	1.633,	1.63789,	2016,	3271334,	24 5 63 14 48 21 7 19 20 29 32 3 27 53 35 0 42 9 6 49 52 17 55 15 8 47 23 13 16 57 26 2 1 39 56 36 41 59 12 25 37 40 43 18 10 58 46 34 11 50 45 44 31 28 62 51 61 30 38 33 22 4 60 54 
3185520,	1.633,	1.63789,	2016,	3185520,	52 4 5 60 23 11 33 51 28 54 63 14 20 55 16 44 10 9 40 50 30 18 62 22 37 35 12 1 26 3 56 59 25 47 31 49 15 29 19 42 13 39 58 43 2 17 8 7 53 27 24 36 41 45 0 6 38 48 21 46 61 32 57 34 
3139468,	1.629,	1.63789,	2016,	3139468,	22 27 60 36 10 41 49 25 33 29 28 1 16 56 26 50 14 5 17 62 21 39 43 24 6 35 40 57 48 23 45 63 20 38 46 15 3 13 59 7 53 18 4 30 19 47 44 37 58 0 8 55 61 54 11 52 9 51 42 12 34 32 31 2 
3388200,	1.63,	1.63789,	2016,	3388200,	59 30 29 27 37 20 13 2 41 60 51 46 45 10 22 35 23 15 50 28 8 3 40 31 4 52 32 33 0 5 21 42 58 36 11 55 49 18 1 24 14 26 44 48 62 16 56 17 38 9 54 19 7 53 57 61 34 63 39 43 47 25 6 12 
2780402,	1.631,	1.63789,	2016,	2780402,	37 50 15 49 17 20 26 53 38 19 6 12 34 32 14 51 58 24 21 11 28 8 54 62 5 40 31 27 61 47 18 59 23 60 46 13 56 22 35 36 1 39 30 42 57 9 44 45 43 3 10 55 52 63 29 25 41 48 33 4 7 2 16 0 
2700946,	1.631,	1.63789,	2016,	2700946,	19 50 39 16 29 7 45 12 61 24 58 49 20 3 47 1 5 4 60 34 54 26 38 59 36 51 52 56 15 42 31 2 33 62 27 46 44 40 23 14 57 28 43 17 11 25 35 63 48 55 21 22 53 32 37 41 8 10 30 0 18 6 9 13 
3480554,	1.63,	1.63789,	2016,	3480554,	5 36 51 4 37 52 0 6 20 3 14 7 18 48 44 45 10 35 49 1 12 22 38 27 53 60 26 9 59 23 11 33 43 2 8 30 42 39 54 13 32 21 61 28 41 63 62 57 29 16 50 31 25 17 46 24 55 58 34 56 47 15 19 40 
2815352,	1.631,	1.63789,	2016,	2815352,	60 51 43 37 17 41 21 39 46 38 34 57 11 1 49 10 3 47 24 54 33 62 6 52 4 36 5 58 48 42 22 13 28 12 53 59 26 35 7 32 19 56 40 18 27 23 55 8 61 63 0 14 45 2 9 20 44 29 31 30 25 15 16 50 
2678492,	1.631,	1.63789,	2016,	2678492,	54 52 26 10 46 20 38 4 43 13 15 59 34 57 22 40 1 7 36 11 25 0 42 5 53 33 44 2 62 18 8 29 17 31 3 28 19 41 49 47 23 55 60 30 9 48 12 61 56 37 35 39 51 16 45 63 50 58 6 27 24 21 32 14 
2744032,	1.629,	1.63789,	2016,	2744032,	53 60 52 6 31 17 10 34 21 35 30 20 0 45 40 42 3 8 44 46 57 2 16 25 63 62 39 9 19 18 51 28 43 41 27 58 4 54 55 32 23 50 1 26 47 7 33 61 22 14 59 56 48 5 37 15 29 36 12 13 49 38 24 11 
2584476,	1.629,	1.63789,	2016,	2584476,	57 39 41 54 56 7 36 14 12 61 16 5 3 46 43 27 25 51 37 15 23 31 29 35 10 13 32 47 4 22 17 30 8 24 63 34 33 59 6 11 50 60 53 49 2 0 45 28 18 55 19 40 20 38 9 58 21 62 48 26 42 1 44 52 
3497088,	1.63,	1.63789,	2016,	3497088,	0 8 47 56 29 53 16 19 30 55 63 44 9 27 28 51 36 46 25 38 48 11 34 39 45 5 49 1 52 50 13 6 43 31 37 24 7 12 21 22 20 4 57 60 61 40 62 3 33 58 26 15 54 18 23 35 59 41 10 17 32 2 14 42 
2603282,	1.629,	1.63789,	2016,	2603282,	12 6 46 26 43 1 55 59 5 35 31 39 58 52 2 24 54 30 63 27 60 41 53 23 29 36 13 10 14 49 8 33 15 19 22 4 17 62 51 48 44 42 0 56 21 47 16 9 18 50 28 38 34 7 25 20 32 40 61 45 37 57 11 3 
3518918,	1.63,	1.63789,	2016,	3518918,	28 42 34 40 49 43 52 57 48 44 16 61 4 62 24 38 55 19 10 59 60 1 58 41 21 51 35 5 37 56 33 6 25 39 15 2 23 22 36 7 18 46 47 29 12 27 20 9 3 11 50 14 0 17 26 53 30 54 63 45 31 13 8 32 
2985280,	1.63,	1.63789,	2016,	2985280,	48 21 50 13 19 49 58 63 39 18 60 10 8 35 5 53 56 52 61 23 11 33 20 36 42 43 14 4 1 2 31 59 51 0 24 44 57 17 38 46 15 37 55 16 41 6 28 30 12 22 45 9 25 29 34 32 54 26 7 62 40 47 3 27 
2513730,	1.638,	1.63789,	2016,	2513730,	8 30 26 19 41 23 6 59 35 39 29 52 24 4 38 1 9 48 58 45 13 60 7 44 10 0 37 36 15 27 57 42 61 17 12 40 28 63 54 56 62 11 5 33 16 55 20 3 25 2 31 21 47 43 22 18 53 46 49 34 14 32 50 51 
3352464,	1.631,	1.63789,	2016,	3352464,	37 38 3 24 12 34 26 39 18 46 23 20 40 0 16 1 51 6 53 17 8 49 59 30 7 28 58 9 33 42 4 25 44 57 31 10 62 14 35 54 15 63 32 22 50 29 27 5 41 61 45 21 13 11 19 56 36 60 52 55 43 47 2 48 
2799428,	1.63,	1.63789,	2016,	2799428,	6 54 33 53 35 51 5 1 63 36 56 39 24 9 13 41 28 55 16 3 27 61 2 43 32 37 46 60 8 21 14 38 12 58 44 34 17 50 29 4 40 22 11 59 45 30 25 10 48 52 26 23 7 0 19 47 20 42 31 62 57 49 18 15 
2576986,	1.629,	1.63789,	2016,	2576986,	43 54 36 60 58 26 47 61 23 1 11 51 17 4 9 44 5 16 18 28 6 39 48 33 29 13 34 32 22 59 21 15 53 42 49 12 50 14 10 46 55 0 56 19 62 38 8 24 41 30 31 45 63 57 27 2 52 25 37 7 40 20 3 35 
3053220,	1.636,	1.63789,	2016,	3053220,	21 54 4 8 49 58 56 55 27 37 36 46 38 23 43 61 17 34 59 51 33 2 62 29 7 16 48 45 9 12 40 24 15 35 28 19 41 6 44 50 10 53 60 39 32 25 30 14 11 26 13 31 18 63 52 42 22 0 5 3 1 57 20 47 
3056396,	1.629,	1.63789,	2016,	3056396,	2 23 7 47 41 3 12 49 4 39 55 18 62 13 11 63 48 52 16 25 50 21 60 32 43 17 36 40 38 46 8 34 51 9 45 20 24 37 15 30 27 56 57 33 22 53 0 5 14 42 61 28 10 6 19 59 31 54 29 26 35 1 44 58 
2756278,	1.633,	1.63789,	2016,	2756278,	52 41 39 55 1 8 49 45 25 35 63 60 36 38 4 44 61 14 9 42 21 43 12 15 31 57 17 24 32 7 47 54 3 29 11 0 20 59 34 33 62 48 10 18 26 46 50 40 5 6 56 23 2 19 30 22 27 13 16 28 37 51 58 53 
2765056,	1.632,	1.63789,	2016,	2765056,	43 12 49 22 5 58 40 35 50 29 53 9 60 46 61 4 16 19 27 30 17 14 31 15 54 36 28 57 20 63 33 51 55 32 0 25 56 23 13 26 41 59 1 38 7 24 42 47 21 10 62 45 6 37 44 3 8 18 52 34 39 11 48 2 
2644608,	1.629,	1.63789,	2016,	2644608,	37 18 27 22 21 42 55 44 0 20 34 61 57 49 60 33 14 2 48 30 45 10 15 43 31 47 5 19 32 58 26 23 8 36 38 17 39 51 16 41 24 9 1 50 59 63 6 46 40 4 3 25 11 52 12 53 13 7 28 62 35 29 54 56 
2704180,	1.628,	1.63789,	2016,	2704180,	36 25 48 8 22 51 23 60 9 30 0 20 46 44 33 19 32 50 31 55 18 24 21 17 6 34 43 57 42 40 39 63 1 3 47 16 41 26 53 54 29 11 10 15 7 13 35 52 4 27 56 2 28 49 45 38 62 12 5 61 59 37 58 14 
2999942,	1.63,	1.63789,	2016,	2999942,	39 59 40 6 27 32 21 10 31 14 20 58 61 45 41 63 38 3 1 30 35 53 4 56 9 48 49 26 12 28 34 23 44 60 57 50 55 16 33 42 19 17 51 62 24 29 5 43 36 22 2 46 47 18 15 11 13 7 52 54 25 0 37 8 
2591488,	1.629,	1.63789,	2016,	2591488,	46 16 63 42 0 52 31 35 2 19 25 54 7 53 22 60 32 36 24 21 12 15 20 17 1 50 6 26 38 27 11 33 57 43 40 13 51 47 49 30 61 48 44 62 41 37 55 39 9 18 23 56 10 3 14 5 34 28 58 29 4 59 45 8 
3475384,	1.629,	1.63789,	2016,	3475384,	58 41 57 7 29 23 13 1 32 31 49 24 34 46 36 45 54 44 3 18 14 15 17 33 20 40 12 11 43 22 9 63 5 19 4 0 21 62 2 48 16 37 60 53 27 30 39 56 38 6 52 8 50 55 51 42 10 26 59 28 61 47 35 25 
2762280,	1.629,	1.63789,	2016,	2762280,	9 45 20 0 27 26 63 22 51 43 34 2 41 32 11 19 1 59 50 6 54 36 10 49 61 12 52 17 7 33 18 13 15 14 28 5 46 38 30 47 57 23 48 25 3 21 62 60 39 58 31 16 56 40 55 42 35 24 8 44 29 53 4 37 
3455336,	1.631,	1.63789,	2016,	3455336,	29 46 24 61 4 54 38 62 10 52 39 36 12 45 3 31 8 27 1 58 33 42 49 6 32 21 15 43 63 7 17 37 35 23 53 59 44 50 41 14 22 5 9 13 55 26 60 2 47 51 19 48 25 56 30 28 18 57 16 0 40 20 11 34 
2358954,	1.63,	1.63789,	2016,	2358954,	53 3 46 55 60 56 27 29 5 50 24 43 16 7 63 30 36 51 35 12 31 6 39 37 61 38 18 42 40 33 9 19 15 4 44 34 32 47 58 10 52 2 57 20 45 62 14 25 59 21 23 54 26 13 0 28 41 1 48 17 49 8 22 11 
2707812,	1.63,	1.63789,	2016,	2707812,	18 6 16 34 25 39 51 58 45 12 50 52 36 32 49 7 19 26 22 55 38 24 3 53 37 62 11 57 61 14 40 46 43 35 33 2 9 42 10 59 13 0 29 56 21 1 5 30 48 4 54 27 44 41 15 60 28 47 20 8 63 17 31 23 
3421320,	1.629,	1.63789,	2016,	3421320,	51 20 7 11 8 49 34 19 0 59 12 18 55 44 61 54 23 28 46 24 33 47 29 30 22 41 53 31 35 5 40 42 1 37 21 52 50 14 3 48 32 63 15 9 26 58 62 43 13 56 36 25 60 45 27 4 38 17 2 10 39 6 16 57 
3310884,	1.631,	1.63789,	2016,	3310884,	24 2 12 47 6 40 56 52 49 63 34 57 58 28 4 25 31 9 17 44 3 10 21 54 27 62 36 35 5 23 26 13 0 53 32 14 39 11 51 37 48 1 59 29 7 33 60 46 19 18 55 15 41 45 16 50 20 42 43 22 38 61 30 8 
2951814,	1.632,	1.63789,	2016,	2951814,	1 37 7 60 10 14 40 9 53 28 2 29 33 8 34 51 27 23 61 39 43 55 4 19 54 20 36 44 41 17 13 49 3 42 57 22 59 16 25 50 46 5 31 30 45 52 21 6 62 11 35 12 63 56 15 18 32 24 0 48 58 47 26 38 
2948298,	1.645,	1.63789,	2016,	2948298,	46 31 50 52 29 20 2 36 59 42 61 6 53 48 8 45 28 11 26 16 38 49 7 18 57 3 0 44 27 30 13 43 63 62 24 37 14 39 35 33 25 5 34 22 9 10 47 58 54 17 4 60 56 21 41 40 19 32 1 12 23 15 55 51 
2775950,	1.663,	1.63789,	2016,	2775950,	32 8 25 9 37 48 49 6 18 4 11 44 19 52 0 59 17 62 29 13 56 40 12 60 36 30 10 54 38 39 41 26 23 2 14 33 61 15 34 28 1 16 42 3 35 50 63 55 47 7 58 57 31 5 21 43 45 22 46 27 24 51 20 53 
