64086,	383,	35 43 39 47 33 21 8 30 26 31 9 4 17 40 3 22 19 16 38 14 42 15 5 27 48 20 10 41 45 29 23 49 7 2 1 0 11 44 36 46 24 37 13 18 12 25 34 32 6 28 
64162,	374,	6 15 12 44 38 33 17 23 24 8 7 29 10 20 11 21 36 19 41 4 22 32 30 16 26 18 2 28 48 43 13 1 14 49 40 34 9 39 25 37 45 35 31 27 3 47 42 46 0 5 
64033,	381,	30 17 25 19 47 48 9 22 37 45 8 7 32 1 31 6 43 38 2 14 5 44 15 42 27 39 35 40 13 46 20 29 41 4 36 23 12 34 18 24 21 26 28 10 0 3 33 49 16 11 
64128,	373,	20 22 27 5 11 24 29 47 30 23 4 21 39 44 16 35 42 19 34 38 28 37 41 26 10 43 33 45 25 18 14 1 17 15 2 36 12 32 46 13 48 9 7 40 3 49 31 0 8 6 
64031,	380,	48 8 27 31 44 15 14 9 24 36 40 16 42 46 33 21 32 22 34 19 29 18 0 13 25 7 43 6 39 45 4 20 2 12 10 37 1 3 47 28 11 30 23 38 41 26 35 49 17 5 
63983,	384,	12 48 47 11 45 32 2 23 21 34 9 6 49 15 3 28 41 17 39 25 24 20 46 0 29 43 16 31 19 7 1 36 18 22 33 14 30 27 26 38 40 37 8 42 13 4 10 44 35 5 
64054,	380,	15 30 27 23 20 32 34 39 18 11 19 42 44 28 13 38 8 6 10 41 25 7 1 17 21 22 36 45 47 40 3 0 35 2 26 16 12 4 43 37 49 33 29 24 48 46 5 31 14 9 
64093,	380,	13 49 24 46 1 29 40 35 21 10 33 25 3 30 14 22 17 31 39 12 18 38 7 6 26 41 42 0 2 15 8 16 36 48 11 44 19 4 9 28 47 37 20 5 45 32 23 43 34 27 
64042,	383,	22 37 13 11 39 32 12 49 10 16 23 15 26 3 28 45 0 5 41 36 42 4 21 35 27 6 25 7 29 24 38 14 1 30 48 31 8 9 44 19 17 18 43 34 20 33 46 2 40 47 
64026,	377,	26 46 6 22 19 43 47 5 45 3 1 42 20 37 49 39 23 40 29 25 30 15 13 18 28 21 32 12 2 17 38 48 0 33 14 24 35 31 9 7 27 8 4 10 36 16 41 34 44 11 
63948,	380,	30 29 31 11 45 0 12 49 26 39 42 9 24 22 32 16 13 2 48 36 19 44 38 41 8 21 25 15 35 7 18 3 5 27 28 17 47 46 1 23 33 40 6 14 10 34 4 37 43 20 
64253,	376,	42 17 19 47 21 10 6 26 20 15 39 36 4 28 40 41 9 2 38 1 33 23 25 22 14 8 13 32 24 31 16 44 48 5 49 11 3 12 34 43 0 29 30 35 37 27 7 46 45 18 
64163,	379,	6 38 4 14 16 32 1 37 36 3 28 13 35 21 44 11 27 31 15 0 47 34 45 49 23 12 10 8 7 41 40 39 30 33 26 20 46 9 17 42 2 22 5 43 18 24 25 29 48 19 
64124,	376,	38 11 0 17 37 16 5 8 9 30 43 1 39 6 36 21 41 28 4 47 35 22 26 29 31 19 18 45 34 48 32 7 25 20 49 24 27 40 46 2 10 14 33 12 44 15 23 42 3 13 
64126,	381,	25 14 6 28 24 49 0 11 10 27 39 7 40 23 2 30 18 37 45 46 31 5 3 33 35 44 26 4 20 16 34 15 22 21 8 42 38 32 1 47 48 41 19 12 17 36 9 43 29 13 
64013,	378,	29 46 35 33 38 3 31 16 21 5 30 12 49 41 48 13 15 19 2 11 42 8 9 24 44 14 34 47 4 18 23 6 39 26 37 45 20 28 7 22 43 32 1 0 10 27 17 36 40 25 
64030,	380,	0 32 27 2 25 15 14 46 22 20 34 43 45 47 49 39 19 29 13 4 24 17 35 16 31 36 7 10 28 6 12 44 8 48 41 40 30 23 21 42 9 26 11 37 3 5 1 18 38 33 
64222,	380,	32 40 8 4 11 22 16 9 18 23 1 41 30 19 5 12 7 10 20 33 43 42 34 37 49 25 39 6 0 2 36 17 38 21 31 27 3 46 45 26 35 44 15 28 24 29 13 14 48 47 
64078,	382,	14 26 20 13 12 10 43 36 31 23 44 22 27 3 46 30 32 15 45 49 42 0 48 18 41 35 4 5 6 19 8 38 47 40 24 9 34 1 28 33 2 29 39 37 11 25 17 16 7 21 
64059,	379,	38 30 26 18 43 4 45 36 48 40 12 41 29 17 2 47 46 39 32 13 42 16 24 37 27 0 7 23 35 9 34 20 28 8 21 25 6 31 19 5 14 3 22 1 11 44 33 49 10 15 
63981,	383,	37 18 21 7 6 19 31 3 8 13 48 5 41 0 29 11 35 22 47 9 25 30 34 27 28 42 43 2 15 44 12 49 33 36 40 17 4 1 46 14 32 16 10 24 39 45 23 26 20 38 
64218,	378,	42 29 31 46 4 45 32 22 2 20 10 5 21 3 24 23 38 36 43 6 44 15 19 0 37 30 34 16 40 26 14 28 41 13 25 47 27 9 8 48 49 18 39 12 11 7 33 17 1 35 
64068,	379,	12 36 2 41 34 1 25 32 38 9 23 48 42 13 16 6 43 17 3 22 24 30 37 47 8 35 40 28 46 39 7 14 20 21 18 44 27 15 4 31 10 0 5 26 49 11 29 33 19 45 
64091,	377,	4 24 17 28 25 36 15 47 32 22 12 34 18 3 48 35 46 16 26 41 13 8 6 9 5 31 1 40 49 38 33 29 23 21 11 0 20 45 7 30 19 42 14 27 37 43 39 44 10 2 
63977,	385,	16 20 17 44 39 23 27 22 8 35 24 46 38 13 33 43 25 26 36 11 29 19 40 21 4 30 1 9 0 31 14 10 15 7 41 5 18 37 45 42 12 49 28 2 32 3 47 6 48 34 
64059,	379,	19 6 47 22 21 2 39 34 28 24 32 36 3 30 41 33 20 8 7 9 17 4 42 25 48 49 31 23 0 14 46 18 1 27 43 11 37 13 15 40 45 26 38 16 10 29 44 12 5 35 
64066,	382,	24 10 41 3 6 29 2 39 4 16 18 14 48 9 31 37 0 28 36 33 40 22 15 49 20 5 19 17 32 35 34 30 21 27 25 23 8 11 1 45 46 47 44 43 12 13 7 26 42 38 
63989,	383,	5 22 39 41 20 17 48 37 10 14 6 11 35 0 7 12 23 38 9 24 32 46 1 25 44 13 36 42 2 47 31 21 15 45 27 28 49 19 29 8 40 16 4 18 26 30 34 43 3 33 
64206,	379,	8 11 10 45 40 30 27 1 5 32 0 37 9 4 41 43 19 14 23 17 21 25 49 33 46 13 22 2 31 35 15 42 34 7 44 12 20 36 24 29 6 48 47 3 39 26 16 38 18 28 
64093,	379,	10 36 2 43 34 21 7 48 31 35 20 18 5 25 23 49 44 29 1 45 38 8 42 14 4 32 11 22 30 40 17 19 37 15 9 13 16 26 6 41 39 46 47 24 0 3 27 12 33 28 
64007,	379,	31 11 36 21 49 41 5 6 1 38 45 40 30 47 15 24 37 28 10 13 25 29 4 39 17 2 33 27 46 26 8 32 16 42 23 7 18 9 14 22 43 35 19 20 0 44 48 12 3 34 
63967,	380,	30 20 10 28 44 15 14 35 22 45 19 5 0 7 13 36 41 26 17 42 40 2 38 37 21 46 23 43 8 18 24 49 16 33 3 25 11 6 32 1 31 29 9 48 4 47 39 34 12 27 
64184,	381,	4 35 5 1 30 12 11 31 33 49 2 9 14 21 24 22 16 8 26 19 6 13 15 46 20 3 27 25 37 38 47 0 40 44 45 29 32 36 42 43 10 23 28 48 18 39 17 41 34 7 
63861,	379,	26 6 7 22 27 40 48 43 23 11 17 15 41 30 9 20 47 25 38 33 19 36 39 1 10 14 16 49 35 34 42 13 18 29 2 28 37 44 31 45 3 21 32 24 5 4 46 8 12 0 
64102,	382,	25 24 35 36 43 29 12 5 38 26 1 42 31 30 40 14 6 16 39 17 41 7 47 10 4 18 22 27 33 32 3 20 48 37 8 44 28 49 34 13 2 11 19 45 9 15 21 0 46 23 
63913,	380,	14 46 12 16 13 4 38 24 0 48 15 44 8 7 3 11 18 17 47 35 39 25 49 21 30 6 20 33 9 23 1 29 37 19 22 42 10 2 32 45 43 26 31 36 40 28 27 34 41 5 
64012,	376,	8 36 5 0 43 20 9 37 10 13 42 2 33 38 32 47 27 1 21 12 7 45 31 39 6 14 40 16 11 26 25 24 17 19 3 41 28 35 15 22 30 48 23 18 44 4 29 49 34 46 
63959,	384,	16 45 6 0 23 20 17 48 37 49 38 30 21 31 46 8 44 22 3 32 26 10 9 2 40 43 33 47 39 15 42 41 29 34 25 13 27 4 7 19 12 14 24 1 35 5 11 36 18 28 
64060,	379,	36 11 35 22 42 10 13 9 33 49 32 23 34 2 21 7 44 15 0 46 38 40 14 28 5 20 8 41 30 4 17 48 25 19 1 18 24 31 26 27 39 12 47 29 43 3 16 37 45 6 
63909,	381,	44 38 0 16 34 5 7 35 45 41 19 3 25 32 9 21 33 14 24 2 4 28 42 26 11 23 18 6 49 46 39 13 8 30 29 37 31 43 17 22 12 1 20 47 10 15 27 48 36 40 
64003,	382,	1 30 12 35 3 29 49 5 4 10 21 7 42 41 13 28 36 38 45 33 44 18 32 31 6 40 25 47 46 0 27 43 23 9 17 11 26 48 34 37 19 8 14 16 20 39 22 2 15 24 
63815,	383,	13 29 2 41 15 28 39 45 25 4 37 19 10 23 40 49 5 33 48 21 38 8 27 6 36 9 20 47 24 7 22 1 16 35 18 31 0 32 12 26 30 14 17 43 3 44 34 11 46 42 
64148,	383,	13 17 14 2 12 32 11 25 33 49 23 26 7 19 15 28 5 42 10 36 45 8 27 41 44 6 3 1 31 47 39 46 30 38 35 22 20 43 16 18 29 4 40 34 21 24 0 37 48 9 
63954,	385,	30 44 34 31 40 2 33 37 46 8 43 23 27 18 41 45 6 24 4 35 16 1 38 36 29 42 49 3 0 28 20 47 22 21 25 19 32 5 11 10 17 12 26 13 7 48 15 9 39 14 
63909,	379,	35 28 25 5 38 21 37 22 34 18 45 48 46 32 20 13 33 36 30 26 19 31 24 14 47 3 16 40 39 27 43 42 41 17 6 44 4 11 1 10 7 29 0 15 9 23 49 12 8 2 
64131,	379,	8 23 32 20 22 44 1 27 45 13 29 42 15 24 34 28 16 26 35 33 38 47 43 31 17 14 0 9 18 40 48 11 6 12 7 41 46 30 25 19 4 2 49 21 3 10 5 39 37 36 
64031,	375,	21 11 24 18 46 32 20 5 30 31 9 33 35 10 43 13 12 41 47 0 8 48 16 40 15 2 44 7 37 28 17 14 36 29 3 23 45 42 26 22 25 19 4 49 1 6 39 34 38 27 
64153,	381,	46 45 37 19 10 28 30 47 17 14 8 25 20 36 18 21 29 49 24 4 41 43 0 27 23 11 6 39 16 9 26 48 13 33 35 2 34 22 38 42 44 3 12 15 31 1 32 7 5 40 
63867,	376,	22 20 5 11 23 30 0 44 39 4 32 38 2 10 47 35 7 9 36 41 37 43 26 6 12 48 14 3 45 49 17 25 33 16 18 8 31 27 19 40 42 24 21 29 13 1 15 34 28 46 
63930,	379,	40 11 10 1 23 44 32 38 39 30 49 37 24 18 26 42 29 21 2 19 17 15 8 48 16 14 25 35 6 28 34 43 47 36 3 27 33 22 46 45 0 9 4 20 31 41 7 5 12 13 
63980,	379,	10 21 7 17 40 45 43 31 12 41 8 47 42 37 20 49 22 39 6 23 19 44 16 38 24 4 46 11 28 1 3 26 0 25 34 35 36 29 2 18 32 5 15 33 48 30 13 14 9 27 
64140,	381,	38 13 34 22 47 1 37 43 29 3 9 20 45 30 32 21 35 5 14 10 46 6 15 7 12 27 33 19 40 8 49 18 41 39 16 0 31 11 26 24 42 36 4 25 44 23 28 2 48 17 
63962,	382,	32 14 21 34 48 2 26 24 30 13 43 3 27 45 18 39 9 28 17 12 40 15 0 6 42 4 8 33 22 38 44 25 46 47 49 36 1 41 7 11 19 5 23 31 35 16 20 29 37 10 
63842,	384,	22 41 11 14 29 48 5 7 34 49 33 36 16 31 9 24 8 6 0 27 42 10 12 40 35 1 38 39 2 4 47 32 30 46 25 28 26 44 19 45 20 15 13 37 17 43 23 3 21 18 
64154,	381,	38 26 12 32 19 4 40 29 37 42 18 46 28 48 10 1 20 16 49 24 22 31 30 6 21 8 33 45 3 41 23 14 34 47 15 36 25 35 7 39 13 5 44 2 11 17 43 0 9 27 
63757,	383,	24 40 6 0 38 33 28 46 12 41 42 31 34 32 47 26 39 14 25 49 10 44 15 3 1 35 18 43 5 20 36 45 11 4 17 37 21 27 19 8 9 22 30 16 48 29 2 7 23 13 
64181,	377,	21 48 41 39 12 29 44 4 42 3 15 36 26 6 10 11 45 46 13 24 16 0 31 43 27 22 34 28 1 25 19 47 17 5 20 7 8 38 35 9 18 40 32 37 33 30 2 14 23 49 
64107,	383,	45 32 22 14 26 1 37 40 19 29 49 47 33 2 5 13 7 35 18 39 4 20 10 11 8 42 41 28 25 44 36 12 24 3 6 30 27 15 48 23 9 34 38 31 21 17 43 46 16 0 
64119,	371,	49 32 1 28 44 45 21 18 17 41 9 5 2 0 47 39 31 12 16 4 42 40 35 13 33 38 36 22 8 20 7 10 27 30 14 3 25 43 19 11 15 23 34 29 6 48 26 24 46 37 
64090,	381,	5 18 1 22 10 11 3 25 35 6 16 33 37 26 9 42 12 49 28 4 19 36 40 14 23 32 24 17 47 29 7 15 20 31 30 46 21 44 41 2 43 34 48 45 27 13 0 39 8 38 
63946,	381,	31 46 38 30 7 25 4 34 43 15 1 11 35 29 2 21 5 36 8 17 41 6 48 13 23 16 22 0 37 12 45 42 40 33 20 19 28 27 14 49 3 32 24 26 39 9 47 10 18 44 
63860,	384,	41 29 31 49 4 33 45 28 38 21 17 37 22 35 15 42 16 36 34 6 2 26 32 24 8 14 40 48 43 5 39 13 0 23 47 20 10 12 7 46 9 18 27 25 1 19 44 11 30 3 
64097,	373,	35 40 7 17 16 36 38 20 31 43 48 1 28 39 26 13 12 8 42 30 44 2 3 15 34 6 32 49 9 0 14 37 4 24 21 25 47 19 5 22 41 33 29 10 27 23 18 45 11 46 
64135,	381,	34 24 43 44 8 31 29 47 32 39 26 30 45 13 42 48 28 18 38 9 5 49 20 7 21 16 2 15 11 41 25 1 0 35 3 19 22 37 36 27 14 4 6 33 46 23 12 40 10 17 
64088,	377,	32 5 43 45 44 30 16 27 24 28 37 39 12 26 33 49 4 21 13 14 6 0 17 31 18 11 2 29 35 3 19 38 20 22 25 46 7 8 9 48 42 40 10 1 47 23 34 36 41 15 
63884,	382,	43 42 8 49 21 22 4 2 17 37 12 36 26 25 7 44 40 45 31 33 5 29 15 34 16 27 9 6 38 48 47 0 24 23 46 19 1 18 3 39 32 14 13 41 35 10 20 28 30 11 
63921,	379,	9 48 23 1 11 27 10 37 13 32 6 15 30 18 16 41 43 12 4 24 29 38 14 34 46 40 3 7 25 26 22 19 20 39 35 8 28 33 0 31 21 36 2 44 42 17 49 45 5 47 
64005,	383,	6 3 14 25 4 36 29 16 39 24 9 47 33 28 40 10 31 15 45 11 19 46 18 23 49 42 32 13 21 43 20 44 34 48 7 12 41 8 26 5 0 27 38 22 17 30 35 1 37 2 
63920,	379,	20 44 0 11 43 8 32 49 7 45 19 34 35 5 27 17 41 37 3 15 2 29 13 10 9 1 46 24 18 25 22 48 40 23 36 39 21 26 28 33 30 12 4 6 47 31 16 42 14 38 
64058,	383,	47 16 38 39 18 23 43 41 45 0 5 7 3 19 24 33 36 13 28 21 40 37 42 44 31 14 9 6 20 4 29 32 12 30 17 2 8 25 10 11 15 48 27 46 22 35 34 49 26 1 
64274,	376,	0 24 16 36 8 46 15 40 23 19 49 11 44 34 48 5 42 37 1 29 10 2 31 3 30 38 22 47 39 35 26 28 13 25 6 33 14 20 17 43 21 27 12 4 18 45 7 9 41 32 
63919,	384,	1 49 21 6 0 18 32 23 29 37 2 8 33 43 48 24 12 36 26 27 4 16 28 39 34 40 20 9 11 45 38 35 46 5 42 19 22 47 30 44 7 13 31 14 3 15 25 10 41 17 
64093,	380,	23 27 2 35 12 39 19 25 4 37 40 14 22 1 45 38 30 44 24 10 13 17 41 34 11 8 18 9 29 26 21 3 6 42 43 28 31 32 16 20 49 46 0 47 7 48 33 36 5 15 
63982,	385,	29 25 37 42 45 19 1 46 18 23 10 41 48 28 20 24 7 26 6 0 31 11 3 21 36 43 34 16 4 30 17 2 12 32 35 49 5 38 22 40 9 39 14 47 13 33 27 15 44 8 
64036,	374,	5 2 13 25 18 31 46 36 3 14 45 0 22 43 42 34 39 26 48 9 12 4 29 10 47 44 28 21 40 30 32 33 11 8 41 37 6 16 1 49 35 38 19 17 24 20 7 15 23 27 
64044,	381,	19 4 44 35 38 7 31 29 0 40 43 46 2 15 11 27 49 39 16 14 17 32 8 36 42 1 25 45 20 10 3 5 12 18 37 48 34 26 22 6 24 28 9 47 21 41 23 33 30 13 
63903,	380,	36 20 15 48 1 42 30 3 7 27 32 40 17 43 26 22 41 14 12 28 23 2 25 19 49 39 45 6 13 44 11 8 0 38 18 29 46 33 16 35 34 9 31 4 21 37 24 47 5 10 
63969,	380,	5 38 22 17 41 12 34 42 27 0 11 4 46 14 24 28 39 36 7 37 49 31 32 25 40 2 21 3 9 16 20 48 1 43 33 18 13 30 10 44 35 26 45 19 23 29 6 15 8 47 
64169,	378,	1 24 0 15 48 37 31 13 34 32 29 22 36 33 12 49 20 38 27 21 5 26 14 9 41 43 11 4 17 28 44 45 25 46 30 18 10 23 6 35 42 3 16 47 7 19 2 39 8 40 
63968,	376,	5 1 22 27 31 3 18 8 16 32 7 45 10 11 0 12 21 34 14 41 46 20 26 2 23 13 9 29 25 30 38 15 36 19 39 4 35 43 37 49 42 24 6 40 44 48 47 33 17 28 
64042,	385,	31 14 32 40 47 35 38 48 42 13 19 33 21 0 15 2 43 23 20 29 5 4 9 8 39 16 17 27 6 3 37 24 7 12 26 25 45 22 41 30 10 1 36 11 49 46 34 28 18 44 
64131,	382,	31 38 12 33 37 42 8 1 26 35 10 23 21 43 24 28 41 11 30 6 25 16 39 2 19 34 3 32 0 18 7 13 36 27 4 14 29 40 44 15 20 17 5 46 47 48 49 45 9 22 
64050,	385,	5 37 34 1 14 48 24 29 7 15 38 39 46 18 0 2 28 35 21 3 42 12 43 47 31 33 6 41 17 30 11 23 8 45 44 26 20 49 32 4 13 36 25 19 9 16 27 10 22 40 
63878,	377,	45 18 22 48 11 3 29 13 21 8 2 43 6 28 25 24 42 23 27 34 10 20 14 37 32 35 33 16 0 41 44 47 17 39 15 5 12 26 7 1 36 46 19 4 38 49 40 30 9 31 
63794,	382,	44 26 46 12 35 15 40 43 9 27 37 6 22 39 31 10 8 24 4 13 36 42 33 34 41 25 28 49 45 38 29 47 17 3 20 18 14 48 7 5 23 0 16 11 19 1 32 2 30 21 
64091,	382,	3 25 32 46 14 41 26 10 23 22 11 6 39 7 15 4 5 31 38 43 42 8 45 2 1 18 13 33 12 28 30 0 47 16 34 29 27 40 24 19 17 20 9 35 37 21 36 49 48 44 
63842,	381,	42 44 27 17 28 38 9 46 12 23 25 8 47 22 15 2 41 37 19 4 1 34 21 32 40 11 36 13 5 18 6 30 10 35 24 43 31 3 48 20 7 29 49 16 39 14 0 26 45 33 
64108,	379,	40 33 19 20 10 37 12 1 34 25 7 46 42 26 39 17 32 2 27 36 48 41 30 44 14 6 49 45 22 18 24 0 3 4 43 23 11 31 13 38 47 21 9 35 16 29 8 28 5 15 
64019,	380,	29 19 44 21 36 26 20 46 1 23 8 30 39 22 9 34 11 13 43 3 28 35 31 10 7 0 4 42 24 32 16 41 15 45 37 25 6 38 33 2 40 48 5 17 14 47 27 12 49 18 
64024,	378,	40 7 16 44 24 28 47 19 18 41 14 0 2 9 5 35 34 48 6 11 15 23 25 20 45 36 46 4 22 37 43 31 30 42 32 33 13 49 27 3 29 12 26 39 1 38 17 8 10 21 
63845,	383,	37 32 13 18 3 39 6 1 0 33 9 12 35 24 34 30 4 28 7 26 29 36 31 25 16 38 41 40 10 42 23 47 20 46 27 17 14 15 45 5 22 8 49 43 2 48 44 11 19 21 
64019,	380,	6 40 26 23 20 45 21 38 8 3 34 46 16 15 32 17 33 44 24 28 31 39 37 9 10 18 0 48 27 19 1 25 41 43 47 42 11 36 5 12 49 35 14 30 4 7 29 2 22 13 
64015,	382,	37 7 25 1 42 33 17 23 11 31 6 38 29 19 46 34 18 13 14 22 4 45 28 3 9 41 10 2 24 12 21 15 44 32 30 0 20 48 40 5 35 39 26 43 8 16 47 36 49 27 
63967,	371,	6 39 27 43 11 14 9 45 1 24 7 44 49 47 30 28 48 2 38 15 17 13 22 3 5 40 18 42 35 46 26 19 37 16 21 23 34 12 4 10 8 41 29 20 25 33 32 36 31 0 
64018,	383,	14 43 19 9 36 24 21 25 1 26 32 28 11 48 37 33 4 45 31 44 10 41 12 16 23 35 18 6 5 2 29 0 38 20 3 17 42 13 8 7 39 40 15 46 27 49 34 22 47 30 
64083,	378,	11 20 25 9 34 42 2 23 27 28 47 10 17 30 32 12 1 7 19 21 6 46 16 49 15 44 26 45 39 18 37 36 3 48 24 43 8 5 33 31 14 38 29 35 22 13 40 41 4 0 
63891,	381,	40 26 27 12 34 13 28 2 18 32 44 38 15 1 11 10 37 30 22 39 46 45 33 5 6 47 16 31 36 21 4 17 49 29 20 48 9 8 14 24 3 23 43 42 25 19 35 7 0 41 
64020,	381,	20 23 36 39 16 31 9 15 4 33 18 8 44 48 28 42 40 43 6 45 13 41 32 24 12 30 5 7 47 29 10 25 38 1 37 22 3 35 2 14 21 17 34 0 46 49 26 11 19 27 
64072,	383,	47 22 12 10 0 41 44 25 36 28 19 38 21 2 1 20 45 29 40 46 33 27 14 37 9 4 32 15 49 34 7 39 31 3 42 24 6 8 18 43 17 23 26 48 35 5 30 11 16 13 
64020,	381,	34 8 45 48 35 13 6 29 16 14 24 17 18 21 44 3 31 23 0 33 27 46 39 42 49 19 43 28 37 47 22 25 15 41 38 2 40 9 20 7 11 4 12 1 32 5 36 10 26 30 
64117,	383,	6 35 42 36 31 39 24 11 46 43 9 32 27 23 47 28 12 7 41 40 19 26 5 0 30 2 20 49 38 29 21 3 44 4 18 22 10 14 45 16 8 48 34 17 1 33 25 15 37 13 
63944,	379,	24 11 40 39 30 18 42 35 38 4 15 16 32 33 20 27 7 1 5 25 31 21 8 2 9 49 0 34 13 26 6 44 41 46 48 22 29 43 3 45 19 10 14 36 37 23 47 12 28 17 
64061,	381,	37 39 44 30 9 29 34 17 21 42 46 48 25 23 36 16 7 35 31 47 38 14 22 11 49 0 12 40 13 27 1 8 19 28 5 41 2 6 10 24 15 32 20 18 33 26 3 45 43 4 
63842,	379,	40 31 26 18 8 5 25 38 16 21 6 19 41 12 28 11 32 48 45 33 27 47 49 29 23 0 17 3 9 4 2 44 22 39 36 46 37 34 43 7 42 13 14 24 1 20 10 15 30 35 
64079,	381,	18 17 35 46 40 5 37 10 32 22 2 31 36 21 11 6 15 23 8 44 48 39 25 14 1 26 24 38 20 45 33 19 49 29 9 12 47 3 4 34 7 16 28 42 43 0 41 13 27 30 
63936,	380,	31 16 29 40 41 38 12 46 26 37 21 4 28 33 44 19 43 2 35 18 11 15 5 14 25 1 6 48 39 49 20 0 23 17 3 42 22 7 47 9 10 13 24 8 36 30 45 27 34 32 
63908,	384,	3 42 49 30 14 25 31 20 44 46 34 22 11 33 7 23 27 12 36 4 38 47 13 0 1 35 39 19 17 18 41 9 28 2 29 32 15 10 8 16 5 43 21 24 37 45 26 40 48 6 
63929,	369,	38 21 1 5 24 49 31 33 28 18 43 30 20 39 16 8 10 13 11 14 19 41 4 36 44 9 48 22 37 26 25 29 3 23 46 7 32 17 2 40 27 15 34 6 45 35 0 42 47 12 
64155,	382,	2 24 32 31 38 44 0 17 1 43 14 41 6 25 26 15 49 22 7 13 39 11 40 12 21 47 19 37 9 18 8 30 10 48 3 20 34 29 4 33 23 36 46 5 27 45 35 16 28 42 
64064,	377,	18 47 32 43 23 46 11 16 4 2 3 44 10 8 13 21 40 12 28 34 38 45 29 25 15 42 14 1 36 30 24 37 35 26 17 41 0 48 6 9 31 19 7 27 33 39 22 5 20 49 
64052,	380,	31 2 34 7 23 46 22 40 42 4 49 6 14 32 27 33 8 12 3 48 39 41 18 37 20 15 0 5 17 29 11 25 36 43 9 16 19 26 45 13 1 44 28 47 30 24 38 21 35 10 
64138,	382,	21 24 18 19 36 9 33 23 27 34 44 29 11 5 25 3 32 4 20 1 17 12 14 2 41 26 13 38 16 49 42 35 8 7 47 30 0 45 39 31 46 15 10 28 6 22 48 43 37 40 
63945,	379,	18 2 4 6 25 41 8 11 27 29 15 22 43 39 34 42 16 10 9 48 35 40 44 12 20 26 36 5 23 28 7 3 21 47 46 13 0 37 19 1 24 14 31 30 33 38 17 32 45 49 
63983,	381,	18 20 38 28 44 15 13 48 49 40 4 31 7 43 39 47 22 25 42 11 35 33 24 16 10 14 9 37 29 3 19 26 41 23 5 6 27 2 21 36 0 46 17 1 30 32 12 8 34 45 
63999,	382,	22 23 3 34 16 14 9 11 19 46 12 28 40 27 26 41 5 38 7 21 29 30 37 1 13 44 35 25 32 48 47 43 2 6 49 20 15 8 42 4 24 33 18 39 31 0 36 45 10 17 
64143,	381,	25 48 42 14 29 9 24 2 15 43 41 33 36 44 16 26 5 46 37 32 30 22 47 6 7 35 4 18 34 19 40 10 23 17 13 11 49 27 45 8 20 0 38 3 12 21 28 1 31 39 
63962,	376,	31 3 12 33 34 27 44 19 2 35 15 8 40 48 46 45 29 4 49 7 17 25 23 42 6 32 9 13 20 47 37 22 30 38 41 14 11 21 39 43 16 1 0 18 36 24 26 28 5 10 
64026,	381,	10 34 16 22 14 1 2 38 30 46 23 41 28 44 48 7 17 47 45 19 40 49 42 8 9 33 36 27 31 37 6 32 43 26 15 3 5 11 21 25 13 35 24 20 18 4 39 0 12 29 
64003,	375,	26 8 20 13 28 33 48 45 19 18 43 16 2 49 5 41 17 24 39 15 32 7 34 46 44 4 12 3 36 38 25 23 29 21 42 0 11 37 10 35 1 6 30 40 14 22 9 47 27 31 
64056,	385,	9 43 29 13 30 17 42 10 38 40 34 25 4 2 1 14 15 44 47 45 31 20 24 8 3 39 6 16 12 18 46 22 5 49 37 26 27 36 28 11 41 0 19 48 21 23 32 33 7 35 
64015,	379,	13 3 42 37 6 32 24 48 25 31 14 1 41 22 12 16 23 29 27 20 21 0 40 47 36 39 44 5 18 38 49 8 7 35 26 11 19 30 46 2 15 34 4 33 9 17 10 28 45 43 
63989,	382,	9 13 0 48 25 44 27 31 30 38 34 26 46 39 1 21 41 2 42 11 17 49 29 20 45 36 12 6 35 8 33 23 14 19 40 15 5 24 28 3 32 22 10 37 16 43 4 7 47 18 
64176,	377,	7 40 34 8 37 24 17 36 32 5 33 27 0 19 4 49 30 14 44 47 28 43 48 18 11 38 22 21 9 29 12 1 31 2 41 6 10 15 16 23 39 26 20 3 13 42 25 35 45 46 
64137,	381,	41 3 39 1 38 2 25 17 21 33 13 5 46 26 9 15 47 36 42 20 49 31 43 0 10 27 12 7 44 30 11 14 24 4 6 32 22 45 35 18 40 29 16 28 19 48 34 23 37 8 
63954,	377,	33 49 36 0 13 48 34 43 19 26 3 21 35 29 28 42 24 23 12 2 8 11 38 27 25 4 46 1 32 16 40 37 20 9 7 44 31 18 14 41 30 17 6 47 39 45 5 10 22 15 
63923,	384,	6 32 22 23 46 13 34 5 43 36 39 35 31 20 49 41 38 37 28 12 10 4 8 2 25 29 17 0 19 45 11 47 15 42 30 24 48 7 16 1 9 26 18 27 14 44 33 3 21 40 
63852,	374,	34 10 24 5 28 46 7 26 19 33 1 41 23 17 11 39 35 42 13 15 6 38 25 30 36 22 8 20 21 45 18 43 14 37 9 40 3 48 29 16 47 32 4 31 12 2 49 0 27 44 
64017,	377,	44 38 35 46 25 5 8 12 10 37 14 13 39 32 16 45 6 34 40 26 42 31 21 9 15 4 20 18 36 33 47 2 30 41 29 22 28 3 1 48 23 0 27 17 11 7 43 19 49 24 
63897,	376,	11 22 34 45 12 43 13 26 18 7 27 21 31 49 19 35 44 24 6 39 40 32 48 37 0 28 9 8 25 46 5 47 1 38 23 30 2 16 15 4 17 10 3 41 33 29 20 36 14 42 
63903,	379,	45 46 47 17 41 43 29 19 40 10 34 38 3 18 44 21 12 16 30 49 35 26 33 0 32 39 1 9 37 36 42 6 20 23 28 31 15 24 14 22 5 7 11 48 4 2 8 13 25 27 
64075,	377,	43 37 44 6 48 38 28 8 19 47 24 22 34 27 20 17 46 41 40 0 12 36 49 3 23 26 29 31 15 13 30 10 35 32 45 7 1 39 42 9 16 2 14 33 21 4 11 18 25 5 
64192,	380,	48 29 31 2 44 35 22 6 4 13 47 41 43 8 10 17 14 36 7 49 40 19 9 45 18 39 16 26 27 33 21 37 15 11 3 12 20 28 1 42 0 46 38 30 5 25 23 34 24 32 
64065,	379,	19 35 18 49 1 17 48 38 10 26 8 12 15 2 42 39 41 22 30 29 31 14 40 33 37 4 36 13 25 3 28 44 47 45 7 34 24 27 5 43 16 46 9 11 6 20 0 32 21 23 
64019,	383,	44 49 23 25 30 24 41 37 17 35 5 4 12 31 33 45 2 3 11 9 38 21 48 16 14 34 15 43 22 27 1 42 6 47 18 7 39 19 36 28 8 0 40 26 46 13 32 29 20 10 
63955,	380,	45 44 33 14 17 11 2 10 30 28 34 22 23 41 21 7 37 47 20 36 19 39 16 9 5 1 42 3 4 46 8 43 29 26 12 24 0 48 35 25 6 49 32 27 13 18 15 38 31 40 
63890,	381,	45 28 42 18 47 26 48 31 3 30 37 33 14 16 20 13 44 23 19 10 25 12 43 36 5 40 46 9 1 32 27 29 7 6 49 34 17 8 35 22 15 39 11 21 24 0 38 41 2 4 
63986,	379,	40 48 13 37 32 7 21 20 6 16 43 30 28 12 47 14 34 35 19 3 44 49 29 27 45 2 8 17 42 46 5 36 23 38 9 25 24 4 11 18 26 39 41 1 15 33 0 10 22 31 
64087,	378,	26 21 39 5 9 37 29 28 38 30 46 40 31 45 8 20 4 32 16 6 12 43 44 49 22 0 3 42 2 15 7 14 48 18 11 41 24 25 1 34 17 10 13 33 35 47 27 19 23 36 
64201,	379,	42 24 43 29 15 33 35 27 41 16 28 22 44 4 13 37 25 7 5 17 31 39 9 48 40 12 11 3 36 20 8 19 46 45 38 18 10 30 26 1 47 6 14 2 23 34 32 49 0 21 
63932,	382,	8 11 36 22 24 5 37 49 45 18 6 15 0 38 23 4 47 48 16 14 30 46 3 1 44 26 27 9 7 31 21 33 42 17 35 2 13 32 39 10 20 34 43 40 12 29 19 25 41 28 
64158,	379,	2 36 24 37 34 11 7 31 10 41 45 3 20 25 48 15 39 26 19 43 9 44 32 16 13 28 6 5 40 22 30 49 1 0 47 29 27 33 17 35 46 38 21 4 23 42 12 8 14 18 
64006,	380,	6 21 39 48 42 36 46 8 1 28 12 0 43 11 49 35 17 10 34 5 4 15 13 20 7 32 44 33 16 41 3 23 29 18 22 9 26 2 40 37 19 45 47 30 24 31 38 14 25 27 
64021,	379,	39 24 29 6 12 25 3 7 14 16 37 20 42 27 1 2 36 43 38 9 33 22 46 11 4 23 41 49 5 30 44 8 21 19 28 35 26 13 40 45 15 10 32 17 18 34 0 47 31 48 
63934,	379,	24 22 29 32 26 33 38 20 37 0 48 12 44 8 25 2 40 49 19 47 31 9 14 45 28 35 3 1 18 5 34 36 17 42 21 46 7 4 13 27 39 11 41 43 6 23 30 15 10 16 
64081,	378,	33 21 4 2 22 7 48 23 44 18 9 20 11 36 3 26 37 17 28 15 34 35 29 19 38 6 40 46 13 30 31 41 16 10 45 27 14 49 0 47 8 42 43 25 5 39 1 12 32 24 
63981,	382,	30 43 42 17 1 28 45 27 25 2 0 40 23 4 16 6 20 12 21 38 9 15 24 33 49 46 35 14 47 22 13 31 7 26 11 3 44 36 32 34 41 19 18 48 10 5 37 39 29 8 
64149,	376,	29 21 49 47 24 37 15 12 10 9 16 28 42 46 19 17 34 36 4 38 7 44 27 20 45 22 33 30 1 31 2 11 48 14 43 18 25 8 40 23 26 3 41 39 32 0 35 5 13 6 
64016,	379,	0 33 12 27 34 17 46 39 40 3 49 5 8 1 18 10 22 36 37 2 47 25 42 35 31 48 4 28 11 24 15 13 44 43 29 16 14 38 32 21 6 30 20 19 23 26 7 41 9 45 
63995,	379,	10 20 30 2 18 44 42 5 39 34 8 1 36 15 21 45 43 47 0 33 23 28 27 25 11 29 9 35 22 14 49 7 26 24 41 37 16 38 48 12 13 17 32 40 4 3 6 46 31 19 
64156,	383,	2 40 3 28 8 22 26 43 33 21 41 14 16 25 30 11 0 49 44 27 42 47 5 19 38 17 7 24 32 10 48 9 20 13 39 31 45 4 23 35 1 46 12 18 34 6 29 36 15 37 
63917,	381,	16 34 39 29 46 40 35 23 49 44 20 26 2 38 30 5 45 7 3 31 27 37 4 28 13 6 19 41 12 14 11 43 22 47 21 24 1 33 42 25 8 10 36 32 15 17 18 9 0 48 
64032,	382,	4 22 24 29 0 8 3 19 39 45 47 44 40 33 12 1 37 21 7 35 28 26 6 27 9 41 36 23 20 11 5 18 46 13 17 49 15 30 16 25 10 43 2 32 14 48 42 31 34 38 
64107,	373,	47 16 26 41 31 49 30 48 44 46 11 13 22 28 20 37 2 33 27 0 19 17 24 42 5 3 21 36 40 9 43 29 15 35 34 7 38 6 32 23 45 39 18 4 25 1 12 8 14 10 
64093,	381,	6 18 12 14 19 37 44 35 33 7 11 49 15 42 10 48 25 8 3 46 31 45 28 27 21 16 47 30 39 1 36 24 41 2 22 38 40 9 0 5 13 34 17 26 23 20 32 29 43 4 
64071,	383,	24 19 37 26 46 47 43 0 35 40 38 20 7 17 45 41 44 49 8 31 14 21 34 36 3 39 28 32 13 12 22 5 42 6 11 23 18 16 15 2 25 9 33 10 48 30 27 4 1 29 
63946,	380,	2 4 42 28 39 44 7 16 23 6 41 32 36 30 22 49 40 48 37 21 45 3 25 26 18 27 15 35 13 46 43 10 24 5 29 38 19 14 1 12 47 31 9 8 34 11 33 20 17 0 
64181,	380,	17 3 32 44 41 11 8 48 1 49 7 26 34 9 16 40 36 28 4 23 2 35 5 10 29 43 25 21 46 30 37 45 38 6 42 18 13 20 15 0 12 14 22 47 39 24 31 19 27 33 
64039,	380,	7 35 20 25 40 10 4 21 44 42 0 3 22 39 49 5 45 11 28 2 12 43 14 37 34 6 29 38 33 23 16 32 31 27 8 19 36 46 1 47 30 17 41 24 26 48 13 15 9 18 
64051,	383,	11 47 26 42 49 30 14 41 43 22 32 2 39 23 21 7 8 44 16 13 46 34 24 45 18 25 37 17 6 28 29 19 27 35 0 38 9 3 40 10 4 31 5 36 33 48 15 1 12 20 
63840,	374,	34 18 8 10 24 20 4 25 43 17 44 19 9 38 45 46 30 21 1 0 48 41 33 29 35 14 3 5 2 11 16 31 32 39 7 27 26 40 37 22 6 12 47 15 28 23 42 36 49 13 
64015,	384,	4 41 49 19 45 7 36 47 6 17 11 28 20 22 21 40 39 44 8 26 32 30 43 46 38 33 42 15 2 9 14 3 31 25 0 37 29 10 5 34 13 1 23 12 48 18 35 16 27 24 
63989,	382,	29 7 48 21 9 4 12 10 22 13 26 37 11 31 47 0 34 39 33 44 38 23 45 32 25 27 30 3 42 28 14 15 43 18 5 20 2 49 35 16 46 19 8 40 24 36 1 17 41 6 
63909,	383,	16 14 33 36 13 40 49 23 3 25 37 41 31 34 44 24 10 19 5 6 42 22 47 35 20 4 0 12 38 48 29 2 45 43 7 15 8 17 46 27 21 1 18 26 32 39 30 11 9 28 
64134,	375,	49 31 21 28 39 42 9 35 16 46 27 47 0 14 33 29 22 19 8 32 12 1 24 45 40 37 10 5 43 4 36 34 44 3 38 17 25 26 23 2 48 6 30 15 20 18 7 11 41 13 
64151,	382,	13 28 34 15 3 40 0 35 14 5 49 32 8 47 36 33 7 10 21 43 29 12 4 1 26 38 30 39 24 48 2 20 18 17 46 6 45 11 25 22 37 19 41 42 23 31 16 9 27 44 
64252,	379,	14 28 3 33 17 6 21 24 38 36 4 42 49 15 18 5 22 20 19 16 47 7 0 8 41 46 13 35 43 23 34 30 27 2 11 9 1 40 32 10 39 45 29 44 12 26 31 25 37 48 
64165,	379,	49 40 20 33 30 28 17 47 18 21 0 29 24 26 19 35 22 9 34 23 6 37 36 46 2 41 25 12 10 44 8 11 14 4 45 15 48 16 7 27 1 32 42 31 38 39 5 13 3 43 
64030,	377,	6 25 17 16 22 35 24 29 2 19 44 10 37 38 32 5 47 49 3 30 40 26 31 46 11 1 18 8 33 42 0 36 39 48 12 21 20 27 28 34 4 23 7 13 15 41 43 45 14 9 
63975,	385,	47 5 36 18 8 37 20 16 4 40 41 15 31 28 1 29 3 2 30 33 26 19 25 22 10 44 45 14 21 7 17 42 24 27 12 13 34 35 38 46 11 48 43 0 49 23 9 39 6 32 
63984,	382,	32 43 6 9 22 33 11 14 25 10 31 49 35 36 30 48 1 27 7 23 37 17 46 4 16 47 3 28 29 2 8 42 39 18 26 44 34 0 12 21 41 45 40 20 15 38 5 13 19 24 
64192,	381,	2 14 17 34 41 39 36 3 16 25 0 8 44 29 42 4 46 10 48 6 35 22 28 15 38 13 45 9 24 7 49 5 1 33 21 20 11 12 40 26 32 43 23 30 27 18 37 19 47 31 
64116,	385,	2 44 27 38 22 9 7 29 19 20 5 3 37 12 40 11 24 18 28 45 1 48 26 21 31 41 42 34 15 13 32 35 23 17 30 25 14 49 16 43 46 33 36 47 8 10 39 4 6 0 
63967,	384,	33 46 18 10 48 15 30 17 9 39 11 34 49 22 27 3 41 43 31 29 1 8 13 6 25 4 36 38 16 40 23 26 42 47 28 19 21 0 44 2 32 7 35 12 20 37 45 24 5 14 
64111,	381,	41 28 29 40 8 34 9 24 46 17 31 48 47 11 20 21 37 1 15 5 0 4 33 39 16 13 43 3 35 19 38 18 22 32 26 45 23 25 36 2 27 6 7 10 30 49 42 14 44 12 
64047,	384,	35 27 8 47 21 31 9 41 45 49 48 23 17 33 20 38 3 5 43 34 37 1 39 32 12 19 13 24 36 4 11 22 42 6 16 7 15 46 28 29 0 10 14 18 30 40 25 26 2 44 
64103,	382,	39 10 22 25 2 14 8 7 1 5 6 11 47 13 18 26 33 29 28 12 4 15 48 43 45 17 24 34 23 20 0 44 19 35 27 16 32 31 9 30 49 37 41 42 3 36 21 38 46 40 
63999,	388,	33 4 12 35 44 43 31 47 21 3 19 9 27 5 20 25 28 16 26 41 14 34 10 45 18 23 46 42 40 15 8 36 30 48 37 7 13 38 39 2 32 1 49 24 22 11 17 0 6 29 
64073,	383,	1 32 34 14 6 40 19 9 33 7 0 49 44 11 22 21 27 39 38 23 26 35 43 8 10 31 36 17 20 25 2 16 37 29 18 13 12 41 48 24 28 15 45 47 5 46 3 4 30 42 
63922,	384,	10 16 44 28 24 39 0 42 40 37 14 3 8 34 22 20 2 32 7 46 38 4 19 30 29 43 5 17 33 13 26 45 9 6 25 12 1 11 41 27 23 21 35 48 15 18 49 31 36 47 
64157,	377,	9 38 42 47 45 36 14 43 13 30 18 25 10 40 34 8 22 12 4 39 7 17 48 26 31 19 15 49 1 20 3 37 6 11 41 24 0 28 5 33 21 35 46 2 27 29 23 16 32 44 
64079,	384,	38 30 31 34 46 23 49 29 37 39 2 43 16 10 40 0 48 3 7 21 13 4 41 15 11 20 35 44 33 24 45 42 27 19 36 22 17 47 25 9 26 6 18 14 1 5 28 8 32 12 
64059,	378,	35 43 15 23 18 2 25 36 22 8 14 16 5 3 19 37 11 0 44 28 45 29 20 6 41 10 24 4 38 31 21 49 1 39 26 12 27 30 33 7 13 40 47 17 9 42 48 46 32 34 
64036,	381,	26 0 3 5 16 36 49 13 11 42 41 17 48 32 25 47 21 6 34 29 19 44 14 7 35 33 24 4 23 46 40 20 1 2 9 30 39 45 38 15 37 12 43 10 22 18 31 8 28 27 
63976,	370,	46 34 29 14 30 39 13 9 24 32 21 43 38 22 37 42 36 3 33 49 25 45 10 20 15 26 18 4 47 27 41 5 48 2 17 16 0 7 19 23 40 35 12 8 44 6 31 11 28 1 
63864,	385,	29 3 16 27 20 22 45 24 41 39 0 26 2 9 4 28 10 44 35 13 36 8 15 11 34 30 19 42 23 5 49 31 33 32 38 47 12 21 48 46 40 6 25 43 14 7 1 17 18 37 
63857,	374,	45 16 42 0 37 7 15 34 2 33 35 26 40 6 14 5 27 30 48 43 13 25 10 9 3 28 23 20 4 22 17 21 46 24 32 36 18 12 47 38 19 31 11 39 8 41 29 44 1 49 
64056,	384,	41 9 5 7 20 32 11 18 3 29 47 30 40 35 25 8 27 23 39 33 1 19 48 31 15 14 0 2 43 42 34 38 13 46 17 44 24 49 45 21 16 28 12 37 6 36 26 4 10 22 
64076,	382,	17 49 27 5 45 24 46 33 32 40 41 10 48 4 14 8 38 6 0 34 9 16 3 29 39 47 7 36 12 13 31 25 37 11 30 28 43 19 26 18 2 22 20 15 21 1 35 44 42 23 
64043,	380,	26 43 9 40 31 14 48 37 18 11 17 42 12 8 0 4 24 38 22 5 15 23 2 32 49 45 19 6 35 28 36 46 33 39 1 13 16 25 34 20 44 3 47 30 21 10 29 41 27 7 
64043,	378,	20 10 24 45 1 38 49 32 4 7 30 41 16 43 34 11 42 48 36 46 40 18 0 12 28 17 2 25 27 44 14 47 35 13 19 31 33 22 37 23 6 29 8 5 39 9 15 26 3 21 
63956,	383,	43 5 18 36 13 35 48 29 2 34 22 14 16 45 23 10 46 28 21 38 17 44 0 33 31 37 39 6 3 20 12 8 25 7 11 40 1 4 24 49 19 47 32 30 42 15 27 9 26 41 
63802,	380,	16 15 41 28 39 27 44 8 4 21 18 31 2 29 36 9 6 14 3 22 10 34 47 0 45 24 12 23 11 20 37 43 48 1 32 46 5 33 38 19 17 35 30 40 7 49 26 25 42 13 
63930,	383,	40 20 37 36 25 27 49 10 4 7 11 39 3 38 42 6 46 45 12 5 30 33 1 18 34 26 47 2 28 29 48 41 21 31 13 14 44 24 9 23 15 16 22 19 8 35 43 0 17 32 
64042,	378,	30 43 16 28 40 13 27 35 15 26 46 6 12 20 7 23 24 38 10 8 3 36 11 41 25 22 1 33 2 31 37 39 21 48 42 4 9 0 45 19 5 32 34 47 49 17 29 14 44 18 
63976,	384,	38 13 40 42 3 27 22 21 45 17 36 8 20 35 34 23 24 48 32 28 41 14 16 6 5 39 12 4 2 1 7 10 43 9 25 30 29 15 47 37 33 44 11 19 31 49 0 46 26 18 
63948,	380,	28 13 17 9 2 26 10 39 5 47 4 35 43 42 25 34 45 30 38 29 36 21 19 27 16 18 8 49 20 22 23 1 40 41 0 31 48 15 7 6 24 3 46 33 37 32 44 14 11 12 
63881,	380,	7 17 36 41 32 22 45 20 48 34 12 24 5 39 27 18 6 23 2 19 29 8 11 26 10 30 15 28 42 14 44 47 0 25 35 1 21 46 38 43 3 13 49 37 16 40 33 9 4 31 
63875,	379,	18 36 29 15 30 4 20 38 24 42 25 47 17 37 27 22 6 11 49 35 31 19 32 26 7 3 9 8 46 45 41 48 10 21 13 40 34 1 39 33 23 12 2 0 43 44 5 16 28 14 
64014,	384,	6 39 18 3 49 12 29 24 10 11 0 17 46 13 7 32 26 47 20 40 25 22 35 28 36 30 1 23 4 44 48 37 9 8 14 45 38 41 5 42 2 43 16 34 27 31 33 15 19 21 
63988,	376,	21 47 0 35 48 6 43 4 17 2 28 26 3 11 40 27 16 39 33 45 44 18 10 32 1 9 34 37 19 5 15 8 20 25 49 41 7 22 31 13 42 46 36 14 12 30 38 24 29 23 
