178366,	198,	26 48 65 94 14 75 63 47 54 85 89 79 74 86 61 60 15 8 58 67 19 27 33 62 40 90 80 82 34 7 2 31 38 95 37 96 46 72 78 21 22 76 18 59 49 77 70 28 91 68 52 35 9 50 1 3 6 44 4 42 11 39 73 99 87 43 84 10 36 97 53 83 55 20 81 17 92 57 66 25 41 93 56 29 71 98 69 0 51 13 32 12 30 88 5 16 23 64 24 45 
176614,	197,	57 30 51 47 17 35 58 33 70 46 20 41 31 5 68 71 91 86 38 87 88 44 28 29 73 75 61 52 79 64 26 37 24 55 10 69 81 40 72 74 84 93 99 27 16 85 32 4 25 34 15 21 19 96 39 9 92 48 83 3 50 80 60 43 1 89 22 8 63 66 23 56 0 14 65 97 53 13 62 2 59 42 82 6 78 95 67 54 98 18 12 45 76 11 90 36 94 77 7 49 
177654,	200,	66 61 53 68 83 29 47 35 37 40 14 92 15 46 30 36 77 69 10 42 63 98 1 41 4 7 93 54 5 75 70 62 0 44 80 45 12 86 87 24 81 91 16 96 85 26 25 78 88 95 48 50 82 49 2 13 56 67 22 18 97 23 43 20 33 39 65 94 57 71 74 27 76 32 31 84 19 60 9 99 51 55 72 38 34 11 6 21 3 8 59 28 52 58 73 90 79 64 89 17 
178448,	197,	19 66 5 70 76 56 98 58 7 41 88 37 49 26 24 62 46 65 47 27 12 86 73 20 22 78 44 36 64 15 97 89 83 3 45 39 79 68 18 99 34 8 38 28 74 92 48 80 75 1 31 94 82 33 90 30 55 14 32 81 35 71 43 77 63 23 52 96 57 91 11 40 67 51 13 61 59 60 95 21 69 84 87 53 0 25 10 85 93 54 4 9 50 2 29 42 16 72 17 6 
177486,	198,	36 86 77 96 65 46 18 23 60 79 50 55 22 20 91 90 1 85 7 88 33 35 99 16 6 5 47 30 3 15 78 11 64 72 59 28 69 38 80 8 66 44 34 14 87 9 37 53 98 94 29 43 57 52 12 95 63 62 73 21 67 39 74 31 51 27 2 25 56 26 89 61 82 48 54 93 92 70 97 10 19 17 40 75 41 83 81 45 4 0 58 84 71 24 76 49 68 13 42 32 
180100,	199,	59 4 35 3 90 19 41 53 80 11 31 99 74 24 51 12 82 60 54 20 34 33 44 95 92 83 65 94 21 71 37 27 93 14 70 66 57 87 76 88 98 75 7 68 67 46 86 79 6 22 89 62 0 36 78 50 47 32 77 8 49 48 72 18 1 25 13 40 58 91 16 5 38 56 15 23 17 64 30 63 96 43 2 61 55 29 26 45 85 42 97 39 73 69 52 9 84 10 28 81 
178696,	193,	74 89 93 58 13 9 17 70 73 2 5 50 16 18 67 11 53 33 3 4 32 83 80 86 71 62 68 23 27 88 12 66 25 30 98 47 29 75 41 34 55 77 46 14 36 60 26 72 35 43 22 90 42 24 19 79 6 87 48 96 40 85 92 54 0 28 78 65 63 31 44 39 37 45 57 15 81 38 69 1 94 61 8 82 10 7 97 52 49 91 84 76 51 56 64 99 20 95 59 21 
179282,	198,	85 39 53 30 52 19 8 84 10 97 46 22 16 64 17 93 37 82 99 63 96 87 36 90 88 38 20 47 14 77 72 31 5 50 95 48 79 60 75 2 89 44 15 83 21 70 28 51 67 25 80 0 65 61 66 42 74 13 69 35 81 56 59 23 78 40 92 41 26 24 94 34 49 33 54 76 32 18 58 86 57 55 27 73 43 29 12 6 91 1 11 4 98 3 71 7 68 62 9 45 
176768,	196,	58 50 70 42 0 48 1 41 33 75 57 77 23 11 34 52 17 54 19 98 63 92 13 94 78 85 36 45 80 81 64 95 89 7 91 28 73 37 21 32 22 38 25 3 76 86 26 14 30 20 5 88 35 97 60 74 68 67 82 18 39 44 49 16 27 24 2 46 56 83 9 59 15 43 84 62 47 93 10 8 31 72 79 65 96 87 12 61 4 55 29 53 71 69 90 6 51 40 66 99 
180034,	200,	16 72 60 66 97 30 3 79 82 5 63 24 90 21 12 35 0 56 37 27 88 64 33 19 34 42 92 38 78 40 15 13 83 51 9 54 25 39 26 99 93 41 87 20 57 22 85 96 2 89 53 95 65 46 29 58 70 68 18 80 11 36 55 67 86 61 17 48 98 84 32 74 49 47 69 73 81 75 14 23 8 91 59 77 45 7 10 76 31 94 50 43 4 28 6 44 62 71 1 52 
176754,	198,	90 24 79 38 43 80 77 19 71 14 59 58 91 83 75 42 40 9 39 11 63 85 67 4 94 7 25 37 31 57 41 45 92 5 34 21 29 76 17 55 52 70 56 26 78 8 81 13 32 96 88 74 44 60 54 66 22 64 82 16 20 99 10 95 47 1 69 36 87 62 46 51 89 97 30 50 49 98 86 68 53 93 6 48 18 65 12 35 15 73 28 72 84 23 2 0 3 33 27 61 
181482,	198,	33 97 84 34 87 51 32 88 65 82 93 74 44 70 80 55 23 14 75 39 91 72 40 76 45 71 94 89 43 95 35 1 46 28 19 92 47 64 31 78 53 37 26 73 49 2 69 30 68 77 41 56 22 62 79 18 57 21 42 10 52 48 86 99 66 8 13 83 63 96 38 0 17 12 16 24 25 67 85 60 15 9 36 5 61 58 90 11 4 3 59 98 29 20 6 50 27 81 54 7 
178048,	198,	76 21 89 43 12 20 85 50 45 7 1 31 42 93 83 64 3 58 41 32 92 98 39 60 96 53 99 18 69 22 49 11 9 2 88 24 66 62 54 16 34 81 15 67 27 17 52 48 35 59 70 80 75 26 47 61 56 4 86 51 23 97 19 78 38 57 25 44 65 90 37 82 77 79 55 72 87 30 73 10 68 84 5 40 74 13 0 91 95 14 6 8 29 36 46 94 33 28 71 63 
179582,	199,	1 65 55 44 98 62 50 5 83 87 53 73 74 43 16 37 23 57 25 82 78 11 70 26 72 19 28 42 69 47 34 81 33 54 24 7 80 40 59 10 58 60 9 14 67 79 31 21 22 8 86 95 76 93 94 20 2 89 61 27 52 51 68 84 90 77 3 48 85 35 18 64 38 99 97 6 13 45 66 0 32 39 88 36 96 71 15 63 41 12 17 91 46 29 4 92 75 49 56 30 
177774,	197,	34 50 83 59 76 16 9 99 60 41 33 64 29 54 46 42 84 23 88 12 36 61 55 74 93 22 35 65 69 53 38 68 71 77 45 82 72 87 85 57 70 79 91 28 30 1 19 11 67 81 17 90 73 31 94 20 62 6 44 66 86 89 39 21 13 24 5 56 26 48 43 47 10 14 96 2 97 78 63 8 4 51 32 7 58 27 80 95 15 98 92 25 3 18 0 49 52 75 37 40 
176768,	197,	2 10 71 77 37 49 57 46 6 25 27 41 3 55 34 82 21 33 5 40 76 54 89 29 36 38 97 13 94 28 53 79 23 95 4 96 66 74 18 85 9 43 11 14 63 24 31 87 39 73 44 90 56 8 45 19 69 1 99 26 84 80 68 20 65 67 51 91 48 86 70 88 52 15 92 98 61 22 72 42 12 81 60 78 32 75 30 58 62 64 93 17 47 83 35 59 16 50 7 0 
178626,	197,	34 82 73 10 65 44 50 57 55 63 36 8 61 60 7 91 39 87 2 35 84 30 26 86 96 74 83 79 68 78 38 23 53 64 46 45 54 76 69 77 33 99 89 27 59 42 14 47 1 4 67 13 29 66 31 80 43 40 48 72 81 62 37 75 17 85 32 16 49 0 24 6 95 41 18 3 94 70 5 58 19 25 11 98 88 92 97 22 93 9 90 56 51 21 71 12 52 15 28 20 
179710,	199,	31 81 27 30 71 32 40 94 2 61 37 25 86 66 13 55 57 18 98 76 68 74 56 24 50 96 51 43 1 75 54 67 64 87 91 47 92 62 48 21 19 79 89 78 17 82 95 0 4 36 59 80 46 34 5 22 8 77 45 7 88 90 9 83 53 49 28 69 99 11 6 33 3 15 29 84 65 93 85 52 44 38 16 23 12 72 70 41 20 35 39 60 14 42 97 63 26 10 73 58 
176994,	193,	19 15 11 33 83 79 41 97 45 14 60 40 92 18 59 7 8 2 61 74 26 54 51 17 82 48 81 80 36 23 64 4 1 34 24 68 3 53 29 84 78 47 75 57 0 12 67 90 35 38 9 31 13 28 73 76 52 58 77 99 66 10 21 22 46 94 96 6 20 62 25 69 27 42 56 70 50 30 39 16 95 65 85 98 63 55 32 93 72 88 91 44 86 49 37 43 71 89 5 87 
178272,	200,	16 66 86 43 62 2 18 99 11 44 8 24 94 97 3 52 81 38 70 71 64 45 95 60 82 67 89 17 25 51 50 54 57 48 1 75 72 68 30 34 92 55 7 58 40 56 33 98 9 12 10 65 27 87 14 37 53 76 13 0 61 23 91 80 32 36 83 35 93 90 77 26 69 59 21 78 41 22 20 15 74 31 47 39 73 4 96 84 28 19 29 5 79 63 49 42 6 88 85 46 
178448,	198,	24 98 18 64 32 74 56 31 81 94 61 27 47 45 23 80 34 65 7 14 78 29 73 79 66 89 82 52 10 20 90 21 26 33 69 55 70 58 16 42 91 87 17 5 15 88 48 57 9 51 76 86 72 1 22 13 44 50 41 92 84 8 53 93 60 95 59 49 85 30 96 36 46 71 77 6 12 39 43 37 97 19 38 3 83 11 54 28 62 25 0 35 99 40 63 67 4 2 75 68 
179006,	199,	88 12 98 47 15 2 8 4 19 32 18 54 42 56 11 13 37 55 45 68 94 33 75 51 87 86 46 29 97 77 91 31 28 41 22 57 66 61 34 39 93 38 48 62 64 81 16 72 7 0 90 26 36 25 50 83 70 73 84 92 40 76 58 21 80 53 3 67 27 69 85 9 59 43 52 63 99 96 35 30 82 74 65 24 1 14 95 10 49 20 17 60 79 6 5 71 78 89 44 23 
180414,	198,	57 21 55 98 19 49 56 4 71 84 77 18 72 40 10 73 8 42 67 70 94 43 35 59 0 65 68 92 54 83 87 26 48 88 37 93 11 6 47 90 75 12 91 31 64 79 52 30 20 61 50 81 66 78 60 62 36 82 25 63 39 76 5 95 44 9 2 58 45 16 96 23 13 80 1 17 99 69 27 74 51 89 28 38 15 53 97 3 46 14 22 7 41 32 24 86 85 29 34 33 
176546,	191,	10 37 6 68 1 70 13 30 86 34 25 58 2 51 82 71 87 75 57 29 96 40 41 42 36 45 64 38 48 11 81 94 90 97 98 16 69 84 23 76 91 9 80 72 15 83 18 73 61 88 43 63 21 46 53 95 47 4 54 35 22 74 66 99 27 8 26 52 49 32 50 19 24 55 85 62 28 3 17 92 5 44 65 59 20 33 0 56 14 12 77 60 39 78 79 67 89 7 31 93 
177416,	199,	51 6 14 87 59 68 67 56 93 90 61 98 70 47 35 97 83 49 1 48 23 20 54 25 41 9 85 5 39 73 18 89 36 30 38 26 33 75 79 46 27 0 53 80 74 15 88 13 3 92 91 21 17 19 7 58 11 65 62 77 28 63 52 24 57 94 60 8 66 55 22 40 95 64 99 34 29 44 71 45 2 43 96 42 86 16 10 12 37 72 31 82 84 4 50 81 76 78 69 32 
178460,	174,	51 53 19 37 79 84 14 88 82 61 21 18 63 74 76 4 58 0 69 33 72 94 77 85 40 59 89 56 8 67 36 62 92 93 95 49 44 97 31 71 60 30 2 9 68 16 75 23 78 3 24 50 87 54 65 86 22 39 41 5 25 55 52 90 43 38 66 83 98 42 11 7 64 29 46 28 32 70 91 48 47 6 96 80 17 10 1 73 45 15 26 27 20 57 13 99 81 12 35 34 
179798,	198,	19 82 57 24 93 13 55 25 37 47 60 17 3 89 33 30 42 86 7 70 51 61 27 94 46 40 1 56 99 54 65 18 63 11 58 29 39 2 31 48 26 71 74 77 38 28 0 8 80 66 91 72 52 34 85 69 14 9 87 67 50 84 16 44 10 88 64 35 45 5 59 49 43 79 4 22 75 76 36 95 15 81 53 73 12 92 6 32 90 62 68 21 41 96 97 20 83 23 98 78 
179254,	193,	85 74 44 65 33 92 71 80 55 88 5 28 72 62 2 21 97 13 90 34 52 50 30 94 56 45 57 27 64 61 91 40 96 42 98 60 14 82 48 79 53 59 35 4 19 1 86 77 43 18 87 20 78 66 16 89 81 32 63 51 99 58 67 11 23 84 47 69 25 38 17 0 93 39 15 10 75 7 83 29 26 6 70 68 3 24 73 8 31 37 95 9 49 36 22 76 54 46 12 41 
178902,	199,	84 95 90 70 23 83 66 99 54 94 1 92 73 12 45 52 86 71 43 74 2 27 79 87 48 31 47 75 91 62 68 0 17 20 28 69 76 16 38 33 81 53 22 67 58 41 24 59 78 6 44 25 8 18 46 7 13 19 63 93 61 82 80 30 21 34 88 5 39 36 77 35 14 15 97 56 32 11 89 65 10 37 9 40 57 60 96 26 85 4 50 64 3 42 72 98 49 55 51 29 
176476,	199,	79 64 51 12 76 87 50 45 21 27 2 60 62 84 29 54 25 31 33 74 28 97 93 80 57 5 86 20 81 36 4 26 67 47 99 0 48 15 7 8 58 40 43 68 19 46 61 69 71 37 11 98 53 66 49 91 65 44 1 77 89 52 35 24 94 85 70 38 88 63 10 95 90 3 22 18 72 32 13 16 39 30 96 56 14 41 92 42 23 83 75 73 82 6 59 55 34 78 17 9 
179176,	199,	18 7 76 72 0 94 93 32 45 9 91 87 10 6 35 24 54 47 3 75 50 27 43 53 90 17 48 81 20 77 44 23 55 80 98 62 38 14 99 16 51 31 5 58 84 26 63 52 79 68 73 22 29 61 33 56 89 41 82 42 30 78 83 4 25 95 21 57 96 28 13 65 40 36 88 69 2 85 74 11 15 12 46 49 39 64 60 8 19 59 71 92 1 66 97 70 34 86 37 67 
178522,	198,	42 16 94 73 59 71 33 45 97 44 81 98 52 75 23 13 84 17 20 46 47 83 95 65 92 86 74 29 28 26 50 90 68 70 5 80 76 24 7 4 21 93 32 67 9 56 6 41 15 18 49 27 31 64 72 79 78 25 51 99 63 34 0 14 19 69 2 77 87 39 88 40 66 3 43 62 12 55 36 38 82 35 11 1 54 91 48 85 53 58 61 30 89 60 37 22 10 8 96 57 
176418,	199,	90 41 32 89 87 33 79 26 24 70 14 42 7 22 6 98 2 80 34 96 49 71 67 53 30 0 15 8 43 12 52 82 55 23 88 59 16 13 10 3 85 36 25 77 38 81 62 39 64 40 66 47 21 58 72 63 51 68 60 1 45 54 73 37 11 65 20 91 61 97 31 92 48 93 99 35 9 76 27 5 94 50 69 95 56 57 86 83 4 74 75 19 17 29 84 78 28 18 44 46 
177852,	198,	61 92 19 70 88 72 93 6 59 71 80 5 85 24 57 68 49 52 12 56 4 39 28 63 2 74 55 7 50 58 27 0 17 32 78 35 83 20 77 60 89 95 38 22 42 65 29 98 53 75 90 99 21 62 15 16 25 44 9 40 36 67 26 96 46 73 79 23 66 97 84 69 45 64 87 31 10 1 51 33 81 14 37 91 54 47 3 34 76 11 8 48 94 13 86 41 30 18 43 82 
176450,	195,	86 85 84 65 30 99 89 91 18 71 72 48 7 42 70 73 57 31 9 52 12 37 16 90 58 78 3 24 43 98 74 27 87 55 6 40 81 94 33 26 62 45 35 39 80 11 10 67 29 23 88 17 95 76 46 22 0 51 66 25 32 20 69 97 28 34 13 54 68 56 61 8 82 60 63 36 41 83 47 5 75 77 53 49 93 4 96 14 50 1 15 64 92 19 79 44 2 21 59 38 
173680,	195,	20 83 89 42 63 15 8 29 17 6 36 90 61 35 28 45 75 25 47 30 43 27 76 86 24 87 34 96 82 19 78 77 44 69 59 2 3 66 91 26 56 0 21 64 16 71 84 4 40 54 95 62 70 13 22 10 9 18 52 98 81 73 12 94 93 14 7 97 60 37 46 55 11 41 65 5 39 32 50 23 31 68 48 1 53 80 79 99 58 33 74 88 92 38 85 67 72 57 51 49 
178234,	199,	2 25 6 53 58 69 40 17 71 52 89 28 38 50 14 56 67 65 95 59 84 30 27 62 31 12 37 19 77 4 54 64 35 23 44 68 5 34 61 96 11 21 32 3 90 94 57 45 88 79 39 82 36 70 7 8 86 16 99 63 93 41 48 60 66 98 1 0 18 80 46 75 72 51 97 87 24 15 73 83 20 91 74 26 43 29 33 92 55 81 10 49 22 9 13 76 47 42 78 85 
179478,	196,	9 60 92 34 47 8 46 83 50 6 22 19 75 12 14 21 57 97 79 52 62 39 54 5 85 3 66 76 64 55 58 86 29 13 88 16 96 71 78 2 35 74 84 67 27 49 95 44 72 80 24 87 99 7 73 17 63 42 68 36 40 37 61 32 18 51 45 11 98 94 56 82 30 70 77 31 0 43 23 10 1 65 20 28 38 26 48 53 15 4 89 91 33 25 69 59 81 41 93 90 
177770,	199,	33 32 24 95 4 1 8 55 96 53 91 42 44 34 78 54 77 46 88 57 35 41 48 28 37 50 56 99 40 17 86 18 3 2 31 79 25 30 58 82 20 23 15 65 14 59 38 98 75 10 9 69 29 19 68 21 87 92 11 93 49 97 84 60 89 16 83 80 72 70 76 27 51 63 62 0 73 67 74 7 5 36 22 85 66 81 43 6 26 64 61 52 13 47 12 94 39 45 71 90 
179250,	197,	53 99 90 39 35 79 74 72 23 34 69 47 82 86 92 65 76 22 68 24 97 91 11 71 3 54 10 50 70 42 93 31 60 5 37 18 75 19 55 9 84 20 2 7 98 29 96 51 8 1 46 89 12 95 45 87 49 41 88 25 48 28 81 36 40 67 44 43 85 64 15 56 38 62 26 61 59 27 17 57 0 33 63 30 77 78 58 32 73 52 13 21 6 14 16 80 4 66 94 83 
178794,	198,	58 88 62 72 20 65 85 17 95 36 16 76 71 91 73 59 29 78 41 10 39 68 99 28 47 35 37 67 23 66 69 89 42 1 64 50 11 26 38 48 94 53 33 15 97 43 86 0 27 52 44 82 6 83 56 57 4 30 54 79 84 18 25 60 92 31 21 9 40 55 46 77 12 22 19 45 63 87 3 34 5 70 2 14 81 32 13 98 24 49 75 61 74 90 51 7 8 96 93 80 
179802,	198,	13 57 44 3 78 99 27 89 19 18 98 38 80 6 8 11 42 14 87 58 43 86 10 68 4 2 94 72 59 33 16 39 17 15 0 76 24 31 51 96 35 82 84 50 9 7 71 70 64 55 74 81 95 67 49 23 91 52 75 29 54 92 46 63 90 34 26 45 69 21 66 48 77 79 65 32 60 41 61 56 1 73 93 28 85 36 22 62 5 97 37 83 40 20 25 53 30 88 47 12 
176356,	196,	66 64 53 57 17 45 65 77 50 54 31 98 41 29 30 94 26 92 89 87 69 58 70 49 32 90 68 40 35 79 46 73 80 86 14 71 11 95 0 52 78 16 74 6 20 27 62 12 81 19 42 1 82 99 33 63 22 2 4 75 21 5 25 60 23 36 39 10 3 38 83 84 15 72 55 44 8 47 85 43 18 67 37 34 28 7 76 97 91 96 9 51 88 56 93 13 24 61 59 48 
180272,	199,	90 33 97 34 20 43 56 18 44 37 4 82 28 59 17 89 23 50 84 30 58 22 14 67 72 65 46 16 73 77 98 74 52 81 15 3 6 21 96 88 39 92 1 69 85 47 49 42 8 60 76 99 10 2 61 93 0 9 51 7 31 64 27 57 66 91 48 41 75 70 83 11 25 95 94 32 45 29 86 55 36 12 53 78 35 38 40 79 68 87 62 80 19 63 13 24 71 26 5 54 
179794,	196,	92 7 37 63 94 95 81 17 89 66 23 49 40 30 98 8 87 67 62 84 97 68 20 71 39 35 75 78 28 0 70 42 69 72 22 14 76 15 13 21 77 25 96 41 26 45 54 1 33 47 29 34 58 32 79 91 52 88 83 82 56 85 48 46 86 44 9 80 19 73 64 27 6 5 18 31 38 12 51 2 3 36 60 57 4 93 61 10 24 59 55 43 11 65 90 74 16 50 53 99 
179960,	199,	29 13 81 99 37 8 49 54 63 76 15 44 24 87 7 17 50 25 58 31 47 69 14 84 36 5 95 78 43 32 74 57 68 1 92 94 10 6 18 70 42 93 66 96 38 12 21 82 89 19 97 77 40 83 52 27 9 55 20 53 62 39 51 41 34 26 88 90 60 67 91 45 72 59 16 71 11 64 35 23 85 22 79 46 75 0 30 28 48 61 2 56 3 73 65 80 86 4 33 98 
180110,	197,	24 53 3 73 56 0 55 74 32 67 39 65 29 4 38 82 27 15 72 84 75 87 12 1 86 41 96 42 77 85 37 36 23 33 71 76 13 25 94 6 18 88 92 93 89 30 44 14 83 99 16 21 54 68 81 51 45 2 63 80 62 35 79 17 8 64 34 90 26 7 46 40 52 43 69 97 5 98 49 66 70 60 58 47 61 9 22 95 57 10 50 28 78 48 19 59 11 91 31 20 
180556,	200,	41 91 44 61 22 78 67 68 99 42 3 18 4 34 50 80 59 35 96 65 53 63 56 21 29 10 81 87 14 98 58 69 12 6 33 64 32 84 92 27 70 75 46 82 71 90 52 89 13 62 85 26 0 55 40 5 79 20 48 38 97 19 24 45 76 51 88 9 57 94 74 8 16 28 43 15 47 31 36 54 72 11 95 30 60 73 1 2 77 49 7 39 93 37 23 25 17 86 83 66 
179194,	196,	63 40 96 32 44 25 56 43 78 2 45 15 5 13 59 14 74 12 31 95 33 84 83 51 30 50 99 16 27 64 10 92 8 3 82 0 48 68 24 71 97 49 67 20 57 54 62 90 9 29 38 98 66 58 70 79 11 36 85 81 6 80 47 23 28 22 72 86 34 52 75 61 69 76 91 18 46 53 41 94 89 88 37 65 17 73 55 19 87 21 1 42 35 77 93 26 39 60 7 4 
178314,	198,	61 3 11 16 72 31 67 47 59 42 75 46 97 6 86 82 0 35 87 7 49 91 60 95 77 37 8 54 71 65 98 13 70 83 53 96 25 20 10 45 68 44 55 28 41 29 22 40 32 14 18 74 33 62 76 63 66 78 81 52 15 51 19 9 24 12 57 2 34 93 36 99 5 17 88 23 26 73 43 94 48 21 89 90 56 1 64 84 80 92 4 85 30 39 79 50 27 69 58 38 
175066,	199,	36 18 71 66 72 99 40 59 43 73 98 92 15 58 33 23 67 44 37 48 80 85 5 70 93 84 45 10 2 35 83 74 17 12 19 25 87 62 69 91 65 29 57 38 60 61 3 97 88 68 28 51 6 90 26 53 54 31 63 13 0 14 22 24 11 9 1 55 89 47 75 7 81 34 46 8 56 78 76 49 30 39 20 50 86 41 82 42 27 32 64 94 95 79 16 77 52 96 4 21 
177492,	196,	24 91 20 30 19 5 84 37 0 93 53 40 54 74 51 59 58 72 63 9 78 66 64 94 70 81 89 50 35 29 65 45 71 12 6 83 80 32 3 68 34 69 22 49 79 96 56 26 75 38 77 86 21 98 16 47 76 97 85 14 4 82 1 33 28 27 57 31 11 2 36 95 25 13 41 55 44 60 61 90 7 8 73 10 15 99 52 87 42 46 92 48 62 18 43 88 39 23 17 67 
179626,	198,	40 51 78 60 14 23 81 45 90 88 37 26 18 61 49 20 11 16 75 31 98 63 69 2 34 82 27 95 10 97 59 44 83 28 30 25 93 68 47 87 7 74 21 54 65 41 99 8 39 46 71 84 36 42 15 56 35 76 73 52 70 77 3 38 1 55 96 94 22 58 4 6 33 17 85 50 67 12 72 79 32 66 29 43 64 24 92 91 57 89 13 80 19 62 48 5 0 9 86 53 
178296,	197,	84 44 25 98 79 38 16 61 94 70 55 9 78 62 5 74 88 22 83 41 91 12 51 30 85 14 54 10 52 37 95 45 68 71 66 11 6 32 73 13 80 24 90 69 23 29 47 33 49 0 1 15 27 26 31 89 64 50 72 53 21 43 28 56 4 97 99 86 8 35 81 46 34 20 19 65 17 48 7 3 77 92 59 76 57 58 67 42 18 82 2 36 87 60 63 75 40 93 39 96 
178942,	199,	48 23 22 91 57 7 11 50 78 40 19 42 58 84 86 51 25 5 61 16 73 75 54 81 12 46 37 66 93 87 99 4 43 8 47 72 24 56 80 52 38 88 27 76 71 90 0 70 74 53 39 2 98 83 67 31 13 33 26 77 62 29 1 68 55 32 92 17 63 18 14 59 82 94 35 69 65 64 3 21 60 36 45 15 34 10 6 41 97 85 89 95 30 44 79 20 28 49 9 96 
178570,	199,	9 93 81 98 11 84 26 22 94 70 66 35 37 36 20 29 33 41 85 24 89 17 67 56 96 10 64 68 51 48 16 77 60 49 43 87 13 23 55 14 15 1 30 25 3 42 75 79 19 82 86 0 90 78 59 7 65 73 50 44 88 58 83 45 71 74 46 95 99 39 2 12 76 57 91 40 72 54 6 61 63 97 21 52 27 5 31 47 4 62 38 34 28 53 69 80 92 32 8 18 
179042,	197,	87 35 84 31 37 90 24 5 3 21 94 13 98 95 2 34 41 88 59 36 0 8 64 7 12 19 46 69 56 42 76 82 10 83 66 47 6 48 44 80 18 68 32 26 52 14 92 91 58 1 93 28 49 11 81 99 53 38 40 45 23 89 97 17 73 55 96 50 78 86 85 77 20 79 61 71 33 60 4 30 75 63 65 16 39 62 9 22 51 54 29 74 15 27 43 57 25 72 70 67 
179108,	196,	14 9 82 23 30 21 95 96 29 73 97 47 53 38 63 42 93 10 46 71 83 80 5 79 64 6 34 39 45 52 0 12 69 67 55 57 51 59 31 35 8 70 18 62 68 92 91 40 1 54 74 44 24 98 77 20 81 66 16 56 41 90 25 17 65 99 48 3 94 26 2 11 27 85 36 58 49 32 61 15 84 13 76 89 7 60 43 4 87 78 50 86 22 75 28 19 72 33 88 37 
178982,	195,	45 96 79 43 49 9 63 78 39 2 18 21 6 66 10 57 73 88 80 59 58 67 93 97 35 89 95 37 85 71 51 12 29 15 28 16 32 23 81 42 70 50 72 52 19 33 22 86 74 44 48 60 91 3 54 75 14 53 31 46 68 47 24 41 40 7 8 82 83 87 69 20 11 90 61 38 27 65 76 98 64 13 34 55 26 5 4 0 77 30 36 84 17 25 62 99 1 56 92 94 
177640,	198,	91 81 96 41 52 10 48 88 85 47 59 6 11 98 65 13 97 9 5 63 17 36 24 38 32 31 46 89 44 12 18 27 90 79 71 40 94 78 8 26 49 21 84 23 22 73 53 62 28 15 72 34 43 99 95 30 16 58 93 33 45 77 35 74 1 55 50 60 66 54 67 83 80 61 87 3 39 86 42 4 19 2 20 92 57 70 68 82 7 69 0 29 76 75 64 37 56 51 14 25 
179176,	196,	39 69 15 29 84 36 94 76 81 1 56 54 13 80 22 41 30 68 37 73 35 74 20 77 23 16 93 66 14 53 50 43 55 49 3 72 85 79 19 47 31 28 91 78 92 95 60 90 96 26 62 17 57 2 44 52 12 59 9 71 58 86 5 65 99 7 42 75 98 46 4 33 10 64 18 24 45 83 34 32 70 27 88 6 40 61 87 82 8 97 38 89 67 48 51 63 11 25 0 21 
178538,	197,	51 59 56 25 74 78 50 1 29 94 90 33 84 66 98 92 32 41 46 14 21 79 77 15 22 23 48 12 26 11 52 47 76 67 19 16 30 87 83 88 0 35 75 97 45 86 24 43 31 96 28 58 89 53 9 4 72 99 57 3 20 37 69 2 36 17 44 42 38 34 70 63 55 13 73 68 80 71 61 60 27 93 54 18 39 64 81 5 82 49 40 65 10 7 91 85 6 62 95 8 
176766,	199,	44 79 80 56 77 37 67 50 54 40 17 81 94 28 32 89 74 33 1 43 12 90 29 66 60 99 24 69 98 16 41 27 15 21 84 25 20 59 57 61 91 2 73 39 35 72 0 4 83 11 26 7 3 97 23 34 64 31 55 18 92 36 38 45 58 30 65 53 22 46 87 10 88 47 19 95 70 13 6 78 86 52 85 93 96 76 5 9 8 48 82 49 68 62 42 63 51 14 75 71 
180298,	196,	1 93 89 55 40 80 27 31 14 33 30 20 64 28 2 87 29 60 18 26 58 21 16 23 5 76 6 41 38 11 79 57 15 68 71 3 39 24 50 69 47 91 83 88 0 62 90 77 37 74 17 65 72 34 82 96 53 32 42 73 48 63 75 95 9 10 86 49 4 7 61 81 22 44 98 92 36 46 35 59 70 84 56 78 67 54 94 97 25 13 66 51 43 85 8 99 45 12 19 52 
175522,	200,	34 28 47 48 58 89 7 92 91 18 22 82 85 59 9 61 37 40 71 55 2 16 76 15 13 39 88 32 75 72 56 25 87 78 24 45 49 65 6 67 62 63 53 35 70 1 44 17 26 20 10 52 4 69 21 79 86 38 68 41 30 80 73 74 11 5 50 66 31 83 43 98 84 19 57 14 29 95 51 33 96 23 99 8 81 94 64 12 46 36 60 42 0 77 3 54 97 27 90 93 
176934,	194,	2 57 99 55 67 44 51 24 97 45 32 11 34 42 74 15 95 81 83 31 68 94 48 52 46 71 49 6 64 7 30 79 54 62 90 58 41 33 16 59 87 53 13 92 9 56 27 78 26 28 91 69 75 50 82 70 47 38 3 21 93 5 72 73 63 66 19 84 29 60 25 88 39 77 4 17 96 61 89 98 65 37 85 18 10 8 80 0 20 86 14 36 12 23 35 1 40 22 76 43 
179324,	198,	18 74 26 45 6 59 73 12 38 30 25 72 32 88 64 68 86 42 21 69 41 98 23 79 28 78 5 36 94 53 96 70 50 34 7 39 3 46 82 40 81 60 51 49 33 54 8 19 75 16 1 4 62 52 71 47 61 14 10 76 13 58 90 95 31 43 93 48 56 20 99 91 92 63 22 67 65 55 15 17 9 57 80 87 44 2 66 24 85 89 27 0 29 11 83 77 35 97 37 84 
178820,	197,	84 60 78 68 51 49 57 86 98 99 38 64 59 29 76 13 65 97 54 46 96 31 73 92 58 48 47 70 69 42 35 45 77 44 50 28 74 93 0 80 85 27 63 5 33 16 10 3 14 2 8 30 56 72 83 9 62 32 43 34 61 25 20 39 37 41 88 91 4 90 95 82 24 81 23 36 75 87 79 17 15 52 40 89 11 53 12 67 71 1 66 26 6 19 21 94 22 7 18 55 
180674,	199,	30 39 51 56 42 25 82 3 14 60 83 97 66 96 81 6 34 19 36 21 55 67 5 37 93 90 89 15 31 63 71 59 53 87 52 1 8 43 47 16 32 68 35 11 41 84 18 79 65 17 0 23 64 62 57 72 76 94 73 44 40 77 26 86 27 99 70 95 88 98 54 38 29 13 22 74 24 2 69 7 28 46 85 9 80 61 92 91 4 50 33 48 49 78 10 45 58 75 20 12 
177966,	197,	37 14 17 11 2 53 78 20 49 93 9 10 30 41 29 31 86 99 50 21 68 85 73 83 75 38 47 67 40 56 92 32 48 44 66 96 5 45 59 98 65 77 13 34 90 84 39 80 6 74 23 3 62 71 79 69 26 72 43 0 82 28 19 95 94 55 42 35 22 89 87 97 81 64 8 60 36 33 25 24 7 91 52 16 76 18 58 57 15 1 4 12 61 54 51 46 70 27 63 88 
178082,	198,	89 45 31 15 14 55 41 66 83 64 79 53 75 67 30 38 20 71 85 49 6 44 80 36 57 47 18 33 62 94 4 34 2 29 39 21 42 56 51 43 1 63 37 69 40 81 97 82 26 74 92 23 3 54 90 48 77 88 24 16 5 68 98 72 87 46 52 28 70 93 17 91 60 35 99 84 12 10 0 78 76 11 32 7 8 25 95 22 9 65 50 59 73 96 58 27 61 19 86 13 
179082,	199,	43 33 76 90 10 86 0 17 74 45 36 65 3 41 61 7 34 40 94 12 21 2 15 98 22 58 14 83 82 95 37 25 85 67 47 93 55 66 68 71 99 78 53 39 24 56 63 42 80 88 23 49 19 30 35 52 57 26 18 62 48 89 51 27 50 9 59 64 69 77 32 11 1 4 91 97 8 96 73 44 81 28 54 29 6 87 72 84 70 60 38 31 5 20 46 79 92 16 13 75 
177748,	196,	65 85 94 29 71 87 7 3 56 82 74 76 96 86 78 6 11 19 88 8 73 51 1 18 93 27 36 20 39 23 30 64 84 79 60 69 24 62 48 58 97 52 26 15 91 10 95 33 77 53 98 75 81 17 13 14 16 40 28 5 66 37 67 34 80 9 32 45 44 68 72 70 38 0 31 35 21 92 47 22 41 89 43 59 99 25 46 4 61 49 57 50 55 90 2 63 54 42 12 83 
179228,	198,	96 66 6 94 53 52 70 89 1 12 4 41 20 43 82 32 57 55 9 17 78 50 36 61 48 74 76 40 11 63 2 88 5 30 37 39 67 64 84 35 65 91 54 47 92 68 62 49 90 59 16 80 22 58 83 34 73 0 85 31 93 79 33 51 69 23 19 44 3 99 25 13 46 8 10 14 21 42 26 29 7 72 98 28 18 86 95 87 71 56 38 97 45 24 60 15 75 27 81 77 
178876,	197,	41 72 52 67 19 76 31 26 22 12 57 40 66 51 33 65 79 88 16 69 46 77 90 7 27 28 13 4 43 60 80 83 9 48 97 75 38 10 20 23 3 63 11 2 99 70 94 45 32 62 85 1 87 56 59 96 74 61 82 92 84 68 36 25 49 89 24 64 34 95 37 47 0 35 6 42 50 86 15 91 71 93 53 5 55 14 39 44 54 78 21 81 73 58 17 8 29 18 30 98 
180184,	198,	61 51 18 66 79 63 8 22 47 6 77 16 80 97 55 34 82 15 76 12 99 87 84 73 43 31 36 2 24 44 3 72 92 9 14 57 46 98 64 88 45 35 29 37 49 81 85 30 21 65 86 59 26 53 5 54 17 62 27 0 7 67 70 20 38 41 42 23 89 52 40 94 60 56 78 39 11 96 95 32 19 75 25 50 68 28 13 4 93 69 48 10 74 58 1 91 71 90 83 33 
178174,	199,	8 47 20 42 70 54 85 68 44 49 1 98 6 77 18 79 3 32 96 78 50 21 26 37 10 0 27 15 7 63 53 52 34 22 81 74 16 73 9 43 59 60 12 75 4 25 14 36 88 11 92 71 97 46 35 40 48 56 66 51 55 41 82 57 89 29 91 84 2 5 28 95 58 30 45 94 17 87 39 90 99 65 13 31 72 76 33 62 64 80 19 61 83 38 24 93 86 69 23 67 
178534,	198,	86 11 46 97 31 68 56 72 61 4 35 63 45 9 30 64 49 27 74 77 94 96 99 57 67 87 89 28 17 5 37 33 10 22 52 44 23 53 21 76 20 16 8 50 75 95 19 70 65 81 60 85 78 62 88 1 13 59 47 43 51 66 82 84 91 93 79 58 3 92 54 15 6 71 36 90 32 38 14 2 24 98 40 48 12 18 39 7 25 69 29 26 55 73 34 42 0 80 41 83 
178272,	199,	78 61 46 39 79 75 22 69 88 24 50 70 14 36 27 11 5 93 32 15 77 95 2 35 68 28 87 67 23 71 62 76 63 59 19 82 38 72 30 81 94 31 12 96 91 64 33 65 0 55 4 74 44 34 25 51 84 26 53 20 90 40 66 29 41 48 45 18 49 58 99 83 86 47 43 3 80 7 56 1 17 54 85 8 89 16 97 73 6 37 52 92 21 57 13 10 9 98 42 60 
175846,	196,	19 57 47 28 29 44 68 40 25 85 94 64 62 95 0 27 12 26 54 71 87 13 92 91 75 5 81 51 37 93 88 33 9 36 48 53 50 4 80 69 6 79 97 90 38 39 7 61 2 76 89 42 72 34 63 84 56 15 49 17 73 1 86 98 65 35 74 30 24 46 14 21 83 22 32 55 59 45 67 52 60 8 77 10 82 70 43 18 20 31 11 41 78 16 23 96 99 3 58 66 
181052,	199,	16 79 91 87 40 46 55 70 31 99 63 65 85 25 2 22 32 48 9 15 81 68 92 77 64 73 34 39 35 71 56 94 30 27 72 95 43 44 86 0 20 67 51 14 83 49 33 8 96 52 7 61 10 74 41 82 28 26 58 93 21 59 19 84 23 50 60 29 3 90 62 42 80 4 75 53 36 97 47 88 1 57 45 11 69 18 76 66 6 38 37 12 13 54 98 24 5 89 17 78 
177472,	199,	56 31 99 4 98 71 41 60 84 64 48 7 25 80 37 11 54 28 10 46 94 79 62 1 20 76 87 74 68 50 51 52 22 49 33 44 73 40 32 36 0 6 72 13 12 53 16 2 93 30 66 92 95 90 15 75 89 9 69 91 26 78 42 3 67 45 55 39 61 43 24 96 65 14 70 35 17 5 83 57 29 27 18 59 63 82 34 77 38 19 58 23 97 47 85 8 88 81 86 21 
179116,	195,	19 7 21 57 87 70 82 60 39 30 66 31 26 27 35 58 50 61 92 55 4 33 6 47 80 53 75 34 77 90 88 16 18 43 85 81 94 51 48 36 38 59 54 9 69 5 56 79 0 13 2 37 28 3 29 95 98 76 99 42 20 46 25 32 14 1 71 91 83 41 10 73 74 52 68 45 23 64 97 67 96 22 11 17 49 40 86 84 93 89 44 63 15 65 78 62 24 8 72 12 
176252,	199,	94 36 53 12 75 58 52 13 98 47 22 68 66 95 56 40 5 84 60 1 41 49 14 11 50 43 6 35 48 46 78 45 93 10 81 87 28 27 30 82 72 20 21 7 99 42 2 39 32 79 55 34 54 96 80 65 97 31 71 37 18 61 15 91 51 85 59 89 0 74 73 23 26 67 86 92 24 38 44 70 9 29 57 4 83 76 8 17 63 62 88 3 69 25 16 64 19 90 77 33 
177458,	198,	43 36 89 59 84 62 23 50 25 72 16 64 39 91 87 95 46 80 85 14 3 21 20 34 48 88 4 27 71 99 94 35 33 76 15 40 11 54 86 31 98 32 38 56 37 79 22 69 28 7 65 82 90 96 75 67 49 73 53 42 9 29 60 74 17 5 13 44 57 8 18 30 24 41 97 92 68 93 45 2 47 19 26 55 58 1 51 66 10 78 70 63 81 83 12 77 6 61 0 52 
179952,	199,	56 52 29 63 82 24 64 27 18 1 42 87 22 37 89 12 21 26 60 93 98 32 28 62 44 67 36 20 4 72 43 86 15 9 19 53 80 57 81 17 68 3 0 95 54 97 61 71 38 8 40 50 11 49 65 99 35 55 83 77 41 69 75 34 33 92 13 74 48 47 46 88 58 94 66 90 59 31 76 85 23 84 79 96 39 2 91 73 78 7 6 25 10 70 16 14 51 5 45 30 
175710,	197,	34 39 54 95 66 86 65 93 42 90 35 76 40 69 13 19 28 99 30 60 52 46 84 72 0 61 48 45 83 98 9 22 2 11 16 44 47 49 87 21 50 85 6 62 58 91 77 38 80 67 4 63 26 32 53 14 15 29 74 75 17 23 81 3 7 25 43 24 88 59 27 31 10 64 97 55 12 8 37 96 41 5 78 79 56 36 20 51 92 70 33 1 89 94 68 82 57 73 18 71 
177266,	199,	95 67 63 87 85 84 56 31 88 0 58 7 36 69 25 57 4 38 86 96 61 62 83 14 32 29 75 3 41 97 54 30 39 93 65 49 66 51 37 17 91 46 27 47 22 80 76 99 19 98 73 24 40 78 15 13 94 9 71 82 52 2 44 34 28 18 81 23 26 48 70 89 6 11 21 64 92 5 79 59 53 16 45 60 10 1 12 77 68 74 20 50 90 33 55 35 8 43 72 42 
179640,	198,	70 94 81 41 9 67 69 13 19 46 82 52 51 25 56 54 63 39 45 43 89 22 55 40 5 4 75 77 53 90 50 93 57 21 28 87 83 7 97 17 98 29 26 59 92 74 61 60 1 6 16 78 24 37 76 2 65 49 48 80 58 15 0 8 84 86 85 31 18 30 42 71 11 20 36 35 38 33 66 64 96 10 23 72 79 3 62 95 68 99 73 14 44 47 32 12 27 88 34 91 
180110,	198,	86 3 48 41 4 83 15 45 85 63 77 79 68 7 76 49 84 65 90 18 38 22 33 75 17 87 37 70 72 10 54 42 30 55 74 82 39 21 51 16 1 62 88 20 92 67 71 25 12 98 91 96 50 40 32 13 29 35 69 94 6 57 56 80 34 53 0 24 26 2 19 58 47 64 44 11 43 73 78 14 93 81 52 59 89 61 66 8 28 60 31 95 27 23 97 9 46 99 5 36 
175510,	200,	32 64 38 45 93 62 36 92 23 99 48 21 50 70 69 33 27 53 41 49 91 80 58 13 57 72 28 74 8 9 78 25 30 94 83 6 18 37 46 43 39 35 98 19 10 73 90 44 89 68 7 97 1 77 0 65 54 52 88 61 79 55 87 11 14 95 76 84 71 20 22 81 96 26 31 60 66 24 85 82 15 47 56 40 3 51 59 86 2 63 29 42 5 75 12 17 16 4 67 34 
178452,	195,	5 93 2 35 60 16 40 65 83 8 17 82 71 92 32 7 61 45 59 97 75 85 64 41 20 54 24 72 11 69 34 67 3 62 38 66 55 89 0 21 73 14 51 74 44 68 58 1 87 10 15 56 53 63 48 25 79 50 22 88 84 99 18 33 94 30 12 42 36 91 46 23 29 95 13 39 78 9 26 37 4 28 76 52 80 70 31 47 96 19 49 81 6 86 57 90 77 43 98 27 
178120,	198,	54 13 9 65 56 87 20 77 57 17 36 28 6 32 38 97 62 92 59 75 42 79 64 93 90 40 41 99 21 0 3 8 39 52 33 23 74 34 25 71 12 98 15 46 48 22 91 2 53 47 10 88 82 78 45 68 89 43 44 30 76 1 35 94 67 50 69 24 61 63 51 11 49 37 58 86 84 73 27 55 29 5 95 14 72 26 18 31 83 80 85 96 19 81 66 16 60 4 7 70 
178820,	196,	92 47 13 73 12 81 31 60 56 37 40 34 91 44 59 2 85 32 95 20 69 82 84 70 71 45 16 65 3 8 7 9 4 26 96 18 21 0 43 23 39 61 6 68 89 79 5 25 19 63 24 27 42 80 49 66 90 87 1 28 48 52 46 62 64 86 22 54 53 75 94 93 55 15 77 83 41 97 88 57 67 10 35 76 11 14 98 36 58 78 38 50 72 30 99 74 51 29 33 17 
179306,	196,	67 68 88 4 30 98 46 75 27 23 21 78 86 81 85 79 69 24 73 90 20 2 1 83 43 77 76 72 8 28 10 99 52 0 15 41 63 93 87 13 91 9 58 29 50 3 89 80 64 17 36 14 62 16 39 51 45 25 74 33 5 92 22 54 11 71 37 44 49 47 59 61 97 96 34 42 55 32 35 82 6 40 95 7 60 48 84 31 66 57 26 56 65 12 18 70 38 53 19 94 
176906,	197,	60 66 2 43 68 8 47 44 54 89 93 77 99 67 62 70 72 36 80 59 97 25 46 58 22 50 0 57 75 12 88 61 90 40 9 11 24 28 73 20 87 17 18 23 94 5 13 95 91 63 7 41 74 98 4 53 86 78 42 32 71 16 39 51 34 85 30 10 82 14 38 15 83 76 35 6 81 26 48 79 27 65 69 3 31 1 55 37 96 49 52 84 64 19 56 45 92 21 33 29 
177602,	198,	86 41 98 54 48 64 93 31 92 1 56 67 71 94 7 53 22 81 85 18 4 73 51 17 47 27 30 62 37 90 91 3 46 59 40 26 42 75 12 70 61 77 13 16 45 96 34 44 24 39 5 2 9 0 28 35 72 25 60 99 88 63 84 69 80 58 49 36 8 23 95 38 87 89 32 74 6 33 15 65 78 83 20 97 79 14 50 10 66 11 52 82 21 19 76 29 57 43 55 68 
178058,	200,	64 91 40 27 52 71 68 84 54 25 14 79 44 96 49 86 28 21 4 83 46 36 7 45 50 99 60 15 53 95 57 13 26 8 43 48 30 18 65 70 77 51 74 67 38 80 22 63 92 61 89 97 32 56 10 59 73 6 87 16 85 20 76 39 82 88 0 17 93 24 23 55 31 12 47 94 75 81 11 34 37 72 29 62 66 1 9 41 98 35 5 90 69 78 33 42 2 58 19 3 
177178,	199,	89 40 71 94 33 47 26 95 41 92 24 91 55 78 6 62 44 99 52 7 16 29 46 42 56 96 79 22 75 8 2 83 4 97 35 66 11 37 58 72 90 0 69 74 53 20 1 34 21 64 10 12 39 50 70 67 87 32 36 61 18 15 48 25 73 59 17 76 85 86 68 84 19 54 51 9 31 5 63 93 57 60 45 82 77 23 28 27 43 30 38 65 80 14 98 13 81 3 88 49 
178170,	198,	70 53 66 76 61 63 95 84 55 80 57 8 87 13 49 26 14 74 62 75 41 92 1 64 52 46 56 20 11 82 16 10 5 90 81 73 17 4 78 60 65 43 30 40 98 58 0 37 28 54 77 50 6 44 99 71 42 22 68 25 91 88 45 67 34 79 15 51 19 32 24 48 23 86 7 21 85 33 89 2 72 31 83 12 9 27 47 69 94 3 93 96 36 35 39 97 59 18 29 38 
178686,	198,	48 6 44 58 29 50 14 94 53 89 47 66 84 39 4 20 7 74 70 54 9 24 23 37 28 21 19 32 57 60 2 27 13 33 49 16 79 86 51 72 96 46 88 75 55 99 31 97 5 30 68 73 36 87 17 0 41 64 63 83 56 69 35 52 42 65 67 78 1 80 95 8 43 22 71 61 40 18 85 91 11 98 12 93 77 59 25 45 92 10 15 90 82 3 76 34 38 81 62 26 
177194,	198,	79 19 94 53 7 33 87 61 4 89 72 2 86 97 85 24 74 9 96 75 66 71 88 52 70 60 10 62 38 91 23 32 20 48 82 49 46 68 11 80 76 28 65 34 15 99 81 77 3 39 41 78 18 42 95 1 73 47 13 22 37 93 8 54 98 67 59 92 64 14 44 50 12 57 69 56 36 31 90 43 58 51 40 6 63 29 25 35 30 16 55 45 84 17 21 27 0 26 83 5 
179612,	199,	52 47 51 82 69 63 25 37 43 9 10 12 36 66 35 67 41 14 89 75 20 34 18 28 86 29 93 88 76 74 81 79 21 26 80 83 6 72 55 4 58 13 70 91 87 46 59 27 56 32 45 48 62 85 22 15 5 64 78 65 38 24 94 1 7 17 99 0 53 44 57 90 92 73 33 30 19 49 84 42 2 40 77 3 50 16 98 23 39 68 96 95 60 8 11 54 31 71 97 61 
179028,	196,	82 59 29 88 52 27 75 98 19 56 41 3 13 65 51 81 61 91 80 8 73 12 57 76 18 79 83 20 10 86 70 74 69 1 42 24 15 44 93 95 23 96 28 25 36 60 40 78 85 49 94 34 64 68 46 9 92 90 4 33 54 22 63 48 26 31 39 77 47 2 89 14 99 66 16 38 58 0 87 71 7 43 6 21 97 84 53 45 32 30 50 5 37 67 72 62 35 17 55 11 
177456,	199,	9 43 39 55 19 61 1 17 57 11 38 54 0 81 3 20 50 28 14 37 15 46 30 59 78 53 90 45 42 33 5 58 21 87 79 77 89 92 22 86 51 2 76 27 66 84 48 52 69 63 82 49 74 60 23 24 12 75 72 56 91 13 99 36 16 70 62 96 71 93 41 26 31 85 83 73 95 32 94 4 68 7 67 80 44 98 65 64 97 88 34 40 35 29 10 47 18 8 25 6 
178174,	196,	7 31 95 96 8 90 48 26 70 15 14 42 64 24 60 82 10 66 29 9 98 17 68 88 79 36 2 1 67 72 3 61 65 69 51 30 43 23 76 40 62 44 20 41 5 83 55 81 49 32 85 6 12 50 73 59 52 97 87 91 77 71 28 35 57 16 13 19 21 63 84 34 45 74 89 93 94 56 0 27 38 46 75 86 33 39 18 80 22 37 54 99 25 92 78 47 11 53 58 4 
180508,	197,	7 38 94 65 58 95 10 53 76 45 4 20 34 91 26 1 22 37 62 86 12 35 11 98 60 44 33 77 69 48 70 14 71 97 90 19 9 32 85 63 80 99 23 64 79 61 42 55 2 29 47 49 89 3 68 0 75 96 46 36 17 43 8 21 73 27 57 88 56 25 40 83 13 5 41 31 82 18 39 66 78 15 52 93 16 51 81 59 54 67 24 6 92 28 84 50 72 30 87 74 
178832,	199,	67 89 9 72 27 22 15 16 71 6 95 85 91 11 21 74 56 68 30 2 7 12 88 14 20 75 60 50 44 42 66 24 18 49 61 58 33 17 32 94 97 55 10 93 25 92 96 70 78 98 29 35 13 39 43 54 31 87 41 76 3 40 82 8 34 28 19 86 51 45 37 64 26 59 5 52 57 81 47 36 73 99 1 4 0 84 63 80 23 77 53 69 62 65 46 83 38 90 79 48 
180118,	192,	15 72 33 66 42 52 56 49 9 18 50 17 86 32 35 13 36 61 93 92 97 53 54 55 7 83 94 62 75 87 11 63 99 51 45 96 90 74 68 82 65 73 76 10 44 84 70 37 1 77 43 88 98 38 14 25 48 8 34 20 31 91 71 57 81 2 26 24 95 69 60 64 3 23 85 27 80 22 28 41 78 89 4 19 21 29 16 5 46 30 58 12 40 67 6 0 39 47 79 59 
177622,	199,	91 34 20 24 27 59 49 71 96 88 48 69 79 16 9 5 99 1 13 51 53 78 83 12 93 66 45 47 97 11 52 22 90 55 64 7 84 60 33 17 65 76 72 86 29 85 36 92 67 39 82 21 19 4 37 57 10 81 28 50 43 54 46 38 3 35 73 42 32 87 31 8 6 18 80 94 44 15 14 2 95 0 58 77 56 30 23 74 68 61 89 98 63 62 70 26 41 40 25 75 
178576,	195,	88 38 61 31 18 58 5 45 12 3 46 59 54 48 15 82 50 70 90 67 0 2 1 8 36 47 56 85 96 66 63 71 53 44 79 25 21 78 34 29 87 17 77 57 83 23 49 37 94 64 24 43 28 52 14 9 69 41 30 4 20 65 19 89 92 27 16 32 7 33 73 68 42 80 99 72 98 60 74 55 26 22 6 35 91 40 93 76 95 97 84 51 62 11 13 86 39 81 10 75 
175956,	200,	93 18 43 88 33 72 6 34 49 24 59 48 41 89 39 1 30 13 53 12 44 95 9 63 7 20 47 75 16 96 23 19 61 17 84 26 74 66 25 0 82 98 87 45 37 8 58 40 81 5 92 94 46 78 85 42 76 55 27 50 35 54 64 86 69 3 11 83 71 80 57 28 52 91 67 29 21 70 97 31 32 79 22 73 15 77 60 38 4 10 51 2 62 99 68 36 65 14 90 56 
179204,	199,	10 18 53 50 39 68 38 46 3 12 57 81 84 72 28 77 30 86 76 75 37 24 87 2 66 88 95 44 1 98 74 13 7 58 52 69 36 5 78 99 67 27 22 60 40 90 48 73 83 23 97 62 21 33 61 45 17 11 8 29 25 70 35 51 59 91 41 85 54 43 19 93 42 26 9 20 82 65 79 94 47 56 15 55 4 63 0 34 31 80 92 16 64 6 71 14 32 49 89 96 
178848,	198,	65 1 81 96 30 48 59 38 87 4 53 56 21 79 88 82 6 84 43 71 16 37 55 89 9 69 68 85 86 80 19 90 58 73 60 31 23 11 49 24 26 8 78 34 54 10 98 99 3 45 2 83 64 62 92 50 91 52 95 46 93 47 27 7 97 72 20 76 61 25 36 29 74 40 14 44 13 41 39 12 42 70 57 63 66 28 67 22 0 51 35 94 32 18 75 15 5 77 17 33 
178472,	199,	32 35 49 10 37 88 4 79 27 65 19 44 81 77 83 57 93 91 58 67 0 61 71 84 68 53 17 29 89 47 28 63 48 90 20 86 52 25 75 74 14 7 45 46 16 70 40 3 60 6 92 1 80 69 94 82 39 12 33 22 42 36 8 41 56 51 31 23 2 38 64 11 59 24 15 99 26 96 30 76 55 34 62 13 78 9 43 97 5 95 98 21 73 54 85 50 87 72 66 18 
178494,	198,	9 43 24 73 66 95 88 4 91 62 11 23 12 86 78 90 20 47 84 82 64 51 57 85 30 38 53 0 44 6 81 27 40 42 36 33 93 1 3 29 99 83 31 67 92 89 70 25 87 17 18 60 71 65 76 97 39 77 49 54 16 45 32 46 2 52 80 98 37 56 48 28 35 59 50 94 7 22 72 21 55 13 15 41 5 79 58 26 69 34 19 75 96 8 68 10 61 63 14 74 
177548,	194,	65 85 38 58 93 51 27 18 19 67 70 16 95 36 43 74 39 92 76 62 64 56 13 12 24 33 31 20 9 30 75 54 81 60 46 61 11 83 5 14 96 73 79 91 47 72 99 55 63 66 7 8 0 6 94 84 26 17 69 87 29 22 78 28 52 89 68 45 1 25 48 32 88 53 86 37 4 57 77 82 35 15 42 2 34 40 23 80 44 50 71 98 3 21 90 59 10 97 41 49 
178606,	197,	97 74 86 8 71 72 0 44 45 64 50 80 67 4 91 66 49 70 23 48 57 85 42 93 22 12 90 27 58 17 25 60 96 16 15 94 30 18 46 41 7 82 53 35 75 47 26 98 68 79 63 6 14 87 36 88 84 40 39 19 11 51 21 5 83 20 33 69 32 78 3 43 61 62 77 9 38 13 29 89 73 24 54 2 1 28 52 99 55 65 31 81 10 95 34 37 76 56 92 59 
177506,	198,	39 8 51 85 58 17 1 49 19 41 97 88 16 50 11 79 29 91 28 89 74 77 38 75 34 90 33 98 30 57 60 26 70 71 47 62 54 68 82 0 42 27 22 25 66 18 3 95 56 52 73 99 7 44 81 36 64 78 83 37 63 21 23 15 67 12 40 80 76 84 53 35 61 59 72 92 20 14 96 55 2 43 6 31 48 46 5 24 45 32 13 4 93 10 86 94 9 87 69 65 
177304,	189,	29 1 62 11 43 72 99 20 37 48 76 17 54 32 26 61 73 75 69 18 28 67 88 98 58 64 41 23 8 84 5 3 6 2 56 7 49 50 45 91 68 12 95 40 15 53 10 44 70 13 85 39 83 21 80 22 46 97 63 78 52 14 31 4 33 59 27 35 89 79 47 90 55 42 19 34 81 30 60 66 51 87 92 77 16 96 24 71 25 65 57 82 86 94 74 38 93 36 9 0 
179434,	197,	1 12 71 60 68 76 62 88 70 99 2 32 77 92 61 34 22 7 91 86 63 50 72 96 57 85 49 29 36 97 47 93 40 43 65 94 64 80 90 52 6 53 28 74 8 98 66 31 83 30 16 58 0 48 3 45 81 21 18 95 23 69 54 11 39 10 9 67 20 75 26 15 5 46 4 13 82 33 51 56 44 14 84 87 59 89 19 55 78 27 42 37 79 24 41 38 73 35 17 25 
179248,	199,	15 28 31 25 83 75 9 21 48 26 54 11 24 40 69 30 19 8 99 85 7 77 29 1 51 46 73 95 42 38 41 32 81 88 56 84 82 20 96 93 65 5 52 37 87 62 91 27 22 97 47 74 34 64 0 17 55 45 60 79 78 92 12 53 18 63 98 35 49 67 68 3 6 16 14 70 23 94 36 80 2 89 13 59 90 4 33 76 86 61 43 10 57 58 71 66 39 50 72 44 
177674,	195,	4 50 62 44 74 18 33 98 91 28 3 22 81 57 69 35 55 11 39 73 21 36 80 59 12 70 52 66 82 37 77 93 47 42 86 6 2 24 34 60 19 43 16 64 32 97 14 92 40 17 51 30 41 61 72 48 96 58 53 67 20 87 89 26 45 83 0 65 79 76 1 46 99 95 56 63 29 71 8 31 27 7 90 85 94 84 38 9 13 75 49 54 10 78 25 68 23 5 15 88 
180006,	198,	76 25 14 98 21 80 83 45 73 90 31 16 9 92 69 4 8 62 46 85 91 28 82 78 57 84 30 74 15 63 34 33 29 95 96 2 48 94 24 12 0 35 11 5 51 89 87 37 56 20 47 97 38 13 66 27 43 6 64 39 32 41 55 19 75 70 22 61 59 88 10 72 53 68 79 60 65 71 23 7 49 44 93 17 3 54 81 77 50 58 42 18 99 67 40 26 1 52 36 86 
178184,	197,	89 31 41 44 54 12 42 48 95 25 10 60 71 83 92 51 28 68 98 21 77 16 7 82 86 56 91 13 2 35 76 84 94 4 73 79 63 74 69 55 93 29 99 26 36 78 5 8 47 61 34 33 70 80 0 3 45 38 11 87 62 6 46 58 37 88 66 14 52 24 22 39 43 49 1 50 30 90 85 65 96 18 23 40 81 32 9 67 27 72 19 57 15 97 53 64 20 75 17 59 
178518,	194,	55 2 99 92 37 80 44 15 27 26 29 70 65 74 24 63 56 25 13 0 17 35 12 11 88 39 86 34 18 77 33 31 10 48 97 93 78 20 22 84 7 9 89 38 90 72 62 4 81 51 16 57 21 28 60 61 19 47 6 95 83 54 82 94 87 49 3 45 40 91 66 30 69 53 68 58 67 1 43 98 96 71 85 42 75 5 52 73 41 14 36 79 64 50 76 59 32 8 46 23 
179482,	197,	67 57 75 82 56 15 85 69 21 89 3 76 50 13 10 23 78 81 29 0 79 60 51 6 33 83 86 37 42 41 28 12 44 30 14 61 94 2 99 38 65 36 4 49 87 19 71 31 35 77 91 53 1 47 45 84 17 59 66 34 39 70 72 48 97 80 43 54 27 52 22 46 90 74 88 95 62 8 68 18 16 64 32 93 24 98 26 40 25 20 11 55 58 92 7 63 73 5 96 9 
176502,	196,	6 69 90 38 10 1 98 39 29 89 27 2 97 24 57 42 73 67 14 3 72 86 54 99 70 22 62 36 75 64 81 96 95 59 83 41 46 31 71 51 18 92 63 55 50 68 66 56 82 28 23 78 35 88 13 91 11 25 76 30 12 85 80 49 17 7 77 37 47 26 15 21 84 79 40 19 4 8 43 9 52 33 45 5 16 58 93 34 44 32 61 94 48 74 60 20 65 87 53 0 
178100,	200,	37 93 50 89 5 42 53 79 2 18 1 41 98 67 4 69 66 59 88 68 31 46 9 70 72 39 14 0 85 12 35 95 44 81 78 20 96 90 61 63 15 94 87 62 36 71 32 8 7 76 51 24 21 19 47 77 82 48 27 75 13 58 64 10 16 40 97 49 56 11 25 99 91 57 30 83 55 29 33 74 38 80 65 22 45 28 34 84 86 26 43 54 3 6 52 92 23 60 17 73 
176124,	195,	3 73 96 69 60 72 19 59 51 33 91 80 30 46 35 50 67 84 88 99 95 89 47 38 22 77 93 7 11 48 55 53 87 8 68 58 97 12 71 21 26 27 16 41 14 1 52 86 45 42 10 61 44 40 76 37 81 25 64 98 29 23 66 34 32 63 94 83 5 39 20 36 62 75 13 74 31 4 28 9 92 57 24 56 65 90 82 49 0 43 70 85 18 15 54 79 17 78 6 2 
178994,	200,	77 31 12 47 91 78 42 35 79 38 41 36 30 23 68 67 76 83 46 11 27 3 89 14 40 28 60 93 63 97 85 21 87 33 61 53 82 57 44 20 58 69 96 15 98 70 34 6 39 18 64 74 81 29 22 54 73 16 71 2 55 92 59 43 9 66 99 1 17 4 84 65 49 90 56 80 37 72 75 95 13 5 86 25 62 51 7 45 8 0 50 94 24 52 88 48 32 19 26 10 
178986,	198,	46 38 20 43 56 68 13 96 42 69 39 28 35 34 52 94 88 6 0 1 8 12 76 27 54 16 77 48 47 58 5 72 86 17 97 40 90 29 21 32 7 4 33 50 60 67 10 62 87 51 64 75 91 23 9 66 65 44 74 31 3 36 83 2 57 37 79 19 63 61 41 73 25 22 11 95 84 45 18 70 55 24 82 53 49 14 30 71 93 26 89 81 85 80 98 92 15 59 99 78 
179936,	196,	4 59 18 84 21 48 31 15 1 77 2 56 58 42 16 6 37 19 27 80 12 41 69 81 97 5 61 51 26 98 72 9 73 83 71 23 28 53 17 46 87 14 65 8 76 74 3 82 39 89 25 33 57 32 34 44 94 11 66 68 95 7 10 30 54 90 43 0 36 22 24 35 45 85 70 64 79 20 60 62 55 78 86 29 92 47 93 96 99 49 91 50 38 40 13 52 88 75 63 67 
177826,	198,	79 35 44 89 27 17 88 69 21 57 80 10 59 2 66 34 97 83 30 77 75 78 70 47 58 11 9 86 68 3 8 48 64 15 28 38 12 56 99 26 36 7 40 71 87 51 32 92 43 4 98 23 31 54 5 18 52 82 67 42 60 50 73 72 6 90 95 63 45 84 61 22 81 41 93 53 13 62 46 91 74 65 96 20 1 0 37 49 76 24 39 19 33 25 55 94 29 14 85 16 
176396,	198,	80 83 16 12 34 28 81 43 59 46 63 82 69 45 23 13 21 8 39 67 93 89 41 37 11 99 86 71 38 25 19 22 49 75 27 30 58 96 29 70 76 17 6 35 15 48 97 62 79 52 26 88 20 3 64 56 95 14 91 4 77 55 78 1 66 36 7 50 68 0 73 84 18 33 54 51 94 31 72 42 2 10 87 60 90 47 32 92 5 85 61 9 74 57 65 24 44 98 40 53 
176392,	199,	17 19 14 94 67 68 43 91 11 70 75 16 21 97 8 36 12 13 33 71 85 66 42 2 3 62 69 55 40 18 32 5 63 80 0 58 26 53 7 46 24 93 31 54 48 30 98 89 57 25 10 96 45 83 28 76 99 35 23 56 41 84 4 88 39 79 47 15 51 50 22 95 73 92 78 29 34 61 72 87 37 77 65 86 52 81 64 9 6 44 82 90 1 74 27 38 60 20 49 59 
178184,	197,	36 0 46 17 20 99 47 23 40 53 15 59 82 81 94 63 27 92 96 33 66 77 84 70 21 37 39 6 54 8 88 18 31 7 51 67 95 14 16 80 5 28 55 98 30 57 43 89 56 61 65 69 9 87 3 49 76 11 85 86 68 4 90 50 64 93 38 74 12 1 41 42 44 62 91 75 35 26 32 58 72 52 71 79 19 22 60 83 97 78 24 10 2 34 48 45 25 73 13 29 
179700,	199,	86 22 50 74 94 47 60 7 25 24 88 96 98 59 64 5 67 52 77 73 36 0 14 26 55 82 46 63 41 69 76 37 38 15 85 18 40 33 43 3 45 10 99 32 21 27 8 61 56 72 9 30 87 84 80 79 62 66 95 65 35 89 78 39 49 13 92 6 97 12 93 90 4 71 53 16 58 75 81 91 34 29 19 28 44 83 42 31 70 11 51 57 2 54 48 68 17 23 1 20 
178490,	200,	24 68 28 23 11 16 44 61 95 48 47 52 67 78 93 87 81 50 98 46 13 83 65 20 60 80 27 56 84 55 14 76 92 94 53 12 79 73 10 29 8 62 41 17 45 19 51 82 90 85 35 18 63 6 32 7 74 89 36 31 2 97 33 57 1 69 25 43 4 3 86 0 39 91 88 99 58 66 75 64 30 15 71 9 49 59 70 21 40 77 42 72 26 34 37 96 38 5 54 22 
179626,	197,	24 96 34 25 48 99 28 2 12 30 18 3 90 39 50 23 40 76 65 60 43 68 19 6 29 98 63 37 95 85 82 27 92 86 17 20 57 79 67 32 91 93 47 70 4 38 49 36 66 21 84 42 41 5 8 75 56 15 87 81 35 78 74 88 45 13 53 69 9 83 46 73 22 7 33 58 31 1 59 80 61 51 0 64 11 16 72 14 71 54 62 97 52 89 10 77 26 55 94 44 
177250,	199,	35 81 27 46 4 13 90 76 15 79 39 21 49 67 45 88 59 95 92 96 86 64 60 97 36 72 6 37 87 50 43 93 58 52 38 68 69 98 18 78 73 77 55 17 25 19 1 62 91 10 7 40 3 23 29 28 80 31 54 41 24 84 74 26 75 30 83 44 32 65 5 94 82 89 53 47 51 85 22 99 70 57 71 9 8 34 20 11 63 56 14 42 33 66 0 61 48 16 2 12 
176916,	196,	44 7 40 45 19 29 47 90 42 85 23 48 67 25 2 84 55 96 20 18 34 52 98 76 12 36 50 87 13 74 11 37 95 97 69 66 78 14 93 15 51 62 5 54 27 91 56 39 81 17 68 33 71 83 22 3 99 21 94 24 16 72 61 70 46 43 80 26 58 38 31 75 89 59 88 49 79 86 57 35 30 63 4 64 60 8 41 82 65 1 92 9 0 28 6 73 32 77 10 53 
178460,	198,	64 40 30 65 96 61 3 48 20 67 12 69 80 90 59 79 16 14 0 84 2 58 21 74 82 46 91 44 34 5 4 26 92 10 99 95 23 13 8 71 81 43 89 9 42 1 50 19 70 68 83 47 78 51 77 72 45 11 39 18 29 37 98 55 27 36 24 60 87 62 31 25 76 94 85 49 35 75 97 86 53 33 57 88 6 22 63 38 28 93 66 17 54 15 73 41 52 32 7 56 
179478,	195,	84 37 71 42 63 38 49 41 92 48 16 66 11 5 55 19 50 28 99 52 27 67 21 35 26 85 73 40 95 70 69 72 8 93 91 83 12 1 45 46 96 79 78 62 87 86 57 88 54 32 80 7 89 68 6 9 43 29 24 51 4 82 74 34 75 23 53 81 61 59 36 44 20 98 90 0 30 47 33 56 97 77 18 76 15 31 94 17 13 58 25 39 3 65 10 2 22 60 14 64 
178530,	197,	97 39 84 46 43 20 40 81 27 33 6 12 77 34 1 48 68 50 16 65 53 62 64 35 36 82 37 80 0 67 23 90 22 17 38 83 31 69 24 30 73 95 66 96 76 86 58 98 44 51 5 47 19 9 74 87 57 13 14 55 4 59 56 26 60 8 79 49 21 32 71 18 70 11 93 88 85 3 42 28 15 45 75 89 94 10 63 91 72 78 25 92 29 52 2 41 7 54 61 99 
176076,	199,	42 61 2 88 75 91 79 44 48 59 82 95 14 58 39 27 47 63 29 26 7 16 71 9 89 31 52 38 60 62 64 11 67 40 6 45 65 30 37 87 13 32 20 34 99 43 33 93 1 78 50 55 36 19 18 72 68 4 5 24 81 97 25 57 53 35 49 17 74 90 22 54 23 77 8 69 92 83 94 56 46 80 70 15 10 21 98 51 28 3 96 66 84 0 85 76 86 73 12 41 
176156,	197,	84 59 15 69 70 30 27 8 60 42 32 37 17 89 95 76 11 28 20 58 57 24 91 96 79 62 19 73 26 55 75 99 54 40 43 83 6 21 12 78 5 1 9 41 35 94 45 92 23 51 29 97 72 50 80 22 16 48 34 4 25 47 53 90 33 3 68 46 93 88 36 64 7 85 63 18 52 2 82 74 61 14 86 67 10 98 77 66 39 87 0 71 13 49 56 31 81 44 38 65 
177582,	197,	43 21 81 5 28 48 9 57 46 27 70 15 34 99 50 74 0 60 98 51 44 41 32 45 38 26 31 71 69 35 89 13 56 55 86 72 82 7 36 66 52 8 79 49 73 80 30 94 78 91 33 18 2 53 77 14 84 25 61 23 96 88 58 1 11 22 20 62 19 92 16 40 3 24 47 12 17 65 42 68 85 10 59 39 95 76 97 4 75 54 87 63 90 37 64 83 29 6 93 67 
177968,	197,	4 0 53 96 76 11 66 92 52 81 50 77 56 88 16 75 36 61 37 41 47 94 29 43 60 12 67 35 18 83 45 62 30 95 8 68 86 57 39 32 89 3 85 87 27 59 42 20 72 23 79 49 25 14 21 65 58 69 26 2 54 17 97 28 13 34 93 19 24 71 64 78 55 9 73 48 99 70 74 22 63 5 7 1 82 98 31 90 40 6 33 44 91 80 51 46 38 15 84 10 
178220,	198,	90 76 51 21 16 40 2 27 88 87 84 98 69 54 24 23 62 33 85 61 80 0 60 5 36 81 72 35 39 14 44 73 93 38 12 1 3 30 53 43 86 34 7 94 58 42 96 25 4 18 52 48 9 55 17 56 6 70 64 11 41 89 71 74 32 77 13 95 10 28 45 78 68 59 46 22 63 67 50 82 66 57 49 97 31 26 20 91 79 99 8 65 83 47 37 19 92 15 29 75 
180214,	196,	74 14 37 59 98 5 7 87 58 47 72 4 34 49 84 36 50 85 26 95 3 2 61 16 42 99 6 20 13 94 97 24 81 45 43 67 41 62 75 15 38 19 28 40 17 9 29 91 68 23 22 63 92 44 71 10 51 88 57 69 27 33 21 8 25 64 56 39 30 12 1 32 65 96 78 0 55 60 18 54 82 53 93 66 79 35 80 76 31 46 52 89 77 48 70 86 83 73 11 90 
178490,	198,	52 48 26 83 81 40 11 70 37 75 59 10 51 63 14 34 22 61 89 18 60 13 41 67 94 71 24 54 84 16 20 85 30 79 29 25 74 92 38 87 95 57 82 50 73 28 88 93 7 44 80 17 4 9 47 32 0 27 98 2 72 56 69 31 90 43 96 21 36 33 62 23 49 65 58 64 55 97 42 76 8 6 53 99 68 15 3 45 35 19 91 1 66 39 12 77 86 46 5 78 
179342,	197,	61 6 0 45 63 73 3 96 36 56 19 54 83 35 71 89 28 59 52 79 74 77 93 67 44 9 78 8 40 11 30 4 33 85 68 95 38 69 57 81 97 98 20 94 55 76 39 50 13 53 24 25 1 10 86 75 64 12 90 72 27 91 14 29 47 70 5 2 80 84 60 42 15 99 66 58 18 23 34 51 62 32 37 46 82 31 88 41 43 17 92 49 21 22 26 65 16 48 7 87 
177098,	193,	4 33 90 1 53 22 67 42 40 64 50 56 58 5 25 45 57 86 29 48 3 69 16 96 35 21 55 13 43 79 32 37 27 15 19 46 30 80 47 31 95 78 36 59 76 98 84 81 20 77 54 71 92 60 61 34 38 88 28 49 82 85 99 68 91 12 89 18 70 9 65 0 14 7 73 39 52 17 8 62 83 87 66 63 75 24 10 51 26 72 11 23 6 41 2 44 93 74 97 94 
177440,	198,	98 2 25 51 61 74 99 19 48 63 17 1 81 80 58 88 65 38 78 92 97 39 7 47 24 23 34 9 79 41 90 66 87 37 72 86 6 67 16 68 73 27 52 64 30 21 46 42 75 55 32 40 69 71 31 54 26 10 50 82 57 28 15 77 96 20 4 13 53 56 33 18 44 89 3 5 91 59 49 22 93 62 29 45 84 12 11 70 43 36 0 83 95 60 8 94 85 35 76 14 
179572,	193,	43 48 38 22 59 28 36 13 54 84 66 29 70 40 0 44 11 46 1 73 45 62 68 51 90 94 79 4 39 53 91 14 30 65 47 9 32 87 61 67 42 58 93 60 52 85 19 27 72 12 21 76 17 57 26 41 7 89 81 71 74 33 86 77 69 49 5 3 88 2 97 31 25 75 55 64 95 99 50 35 16 10 82 37 80 63 34 98 23 92 18 15 6 56 8 96 78 24 20 83 
177022,	199,	9 95 94 71 82 15 70 48 65 98 99 46 58 33 51 4 87 34 8 59 50 62 41 7 84 69 30 28 42 55 85 1 16 19 91 64 97 90 2 86 29 57 96 47 80 78 35 61 67 27 38 45 40 14 18 13 3 93 43 56 6 10 75 53 23 37 63 52 81 32 77 66 83 89 44 36 49 22 92 79 20 11 5 60 25 72 88 39 0 76 68 26 17 12 21 74 73 31 54 24 
178314,	198,	98 17 44 37 21 48 91 42 87 8 82 19 13 38 35 76 65 45 86 9 22 61 33 30 4 5 62 43 80 90 29 89 56 39 2 60 31 47 34 6 94 46 36 1 73 64 75 41 74 69 53 14 79 57 16 12 50 70 71 52 7 72 20 83 58 15 25 78 54 32 49 85 66 27 92 99 81 24 40 11 67 28 77 63 68 88 97 51 18 3 0 55 95 93 23 96 84 26 59 10 
178624,	196,	38 92 15 20 22 56 58 62 81 70 37 6 51 12 43 91 13 28 41 18 17 33 72 36 55 50 5 11 9 78 45 64 30 61 71 85 60 4 42 93 75 79 57 65 84 52 16 74 98 8 67 27 73 77 80 76 2 94 48 25 46 82 24 7 89 3 95 54 35 86 10 53 49 97 32 83 96 59 26 39 90 68 40 99 0 69 47 44 29 66 34 63 87 88 19 31 1 23 14 21 
178066,	197,	28 95 27 49 68 67 70 40 10 81 13 65 52 74 18 50 85 42 22 33 57 91 24 17 32 93 82 23 30 12 59 34 26 99 41 71 21 88 76 14 19 53 6 54 86 46 15 62 38 79 16 7 3 84 66 56 37 92 55 44 60 39 58 51 43 63 20 47 98 83 61 35 78 29 96 1 2 9 45 5 4 77 36 87 94 0 97 69 11 89 75 31 72 80 90 73 48 8 25 64 
179198,	196,	38 4 72 2 21 81 74 78 5 32 92 0 8 93 6 55 99 95 76 27 47 79 57 42 35 18 56 39 87 66 49 30 97 98 31 17 26 89 67 96 91 45 10 90 33 51 36 71 20 23 14 16 64 63 7 75 53 40 70 82 65 3 11 41 28 60 37 52 84 12 77 34 1 19 58 62 94 29 86 85 44 73 50 59 69 24 80 54 15 46 61 13 43 22 83 9 88 48 68 25 
177822,	199,	73 26 79 37 24 54 21 72 52 16 25 83 88 63 30 9 4 66 77 87 89 78 74 5 94 75 92 91 96 99 11 39 3 64 71 42 44 13 61 20 46 29 85 58 19 40 23 22 62 80 84 8 53 14 65 95 0 76 2 51 35 18 7 93 6 33 57 68 69 38 56 97 15 41 43 82 47 50 98 55 10 34 28 90 67 32 12 48 1 81 49 45 36 17 70 60 59 27 31 86 
179296,	192,	37 70 55 17 41 84 27 56 90 14 83 91 20 77 10 11 42 61 66 18 88 40 63 93 23 82 85 45 60 81 2 21 52 67 13 59 62 19 1 26 8 44 48 36 15 3 25 73 65 54 33 34 9 29 87 30 32 57 79 86 50 51 99 43 12 49 4 78 76 68 75 28 53 7 95 92 96 16 22 31 0 72 35 38 58 64 47 5 6 80 24 71 74 69 98 97 89 46 39 94 
177180,	198,	64 24 49 76 48 19 23 4 16 69 54 17 38 10 21 77 18 72 36 58 8 65 32 59 62 13 25 78 67 90 89 52 97 33 92 60 73 14 45 93 44 29 85 98 15 12 83 7 61 75 71 34 51 99 1 88 3 96 6 68 31 9 63 0 82 81 26 43 28 94 30 27 42 53 40 57 80 35 11 2 39 70 56 66 86 84 22 79 50 74 37 87 91 95 46 5 41 55 47 20 
180208,	198,	27 32 5 94 9 68 26 97 66 55 87 58 75 42 48 15 83 16 50 19 28 14 3 84 38 54 85 92 63 53 41 1 22 2 70 56 25 59 79 37 99 31 24 10 77 88 96 90 8 11 0 82 40 17 46 62 7 91 60 45 34 61 65 43 57 78 76 30 67 89 44 49 12 20 13 18 73 39 95 74 72 69 52 35 86 36 71 81 51 4 23 33 29 47 21 6 93 80 64 98 
178168,	198,	2 57 94 87 99 4 37 69 45 86 41 14 21 48 44 91 50 65 13 42 63 67 88 20 25 12 70 36 97 73 8 39 90 53 32 92 10 84 7 85 78 30 77 64 82 66 79 35 80 52 9 76 40 29 83 54 89 19 96 51 38 23 74 24 58 31 1 72 68 26 61 81 59 11 47 49 16 62 17 6 3 98 34 75 46 27 55 5 43 15 56 28 18 71 22 60 93 0 33 95 
178874,	199,	68 85 40 9 15 46 17 70 42 37 98 36 59 39 25 43 19 2 49 11 77 92 60 78 1 10 34 38 73 62 44 82 13 33 3 30 51 72 28 29 74 83 0 66 93 90 80 55 5 87 6 48 21 84 35 65 95 7 18 31 71 67 53 76 63 69 45 57 91 24 32 14 75 61 4 94 58 79 41 47 16 56 96 89 88 52 54 50 99 8 23 27 81 26 86 12 64 97 20 22 
180640,	190,	49 38 48 69 66 54 27 80 52 40 59 43 22 55 0 47 78 74 30 95 20 29 14 25 83 64 44 84 21 6 67 82 24 2 76 34 56 65 72 85 92 86 96 70 7 68 26 61 89 32 17 33 3 12 99 97 42 36 73 1 75 10 53 8 91 79 11 77 39 16 37 81 28 51 35 57 19 98 60 88 62 71 15 13 90 58 50 41 63 23 94 31 93 5 87 9 46 4 18 45 
178812,	198,	33 50 77 97 15 26 88 60 8 70 24 5 55 80 75 83 65 94 78 35 9 96 31 64 52 67 71 0 21 41 1 87 23 51 95 99 81 90 2 22 36 92 38 72 16 63 17 46 91 48 47 37 32 43 12 4 98 25 34 11 57 73 68 93 40 29 20 62 59 19 66 76 85 56 84 49 53 39 28 61 69 10 82 42 44 74 89 27 79 54 86 58 13 30 7 45 3 14 18 6 
177340,	195,	88 47 77 40 0 27 20 48 24 17 6 56 59 51 38 91 18 63 13 32 84 30 93 1 7 42 99 23 44 26 72 52 68 10 37 22 94 16 39 9 45 33 34 81 41 80 50 83 90 60 35 61 53 21 31 11 79 92 97 85 25 75 58 5 29 87 15 12 69 89 64 78 96 70 36 95 43 57 49 2 4 46 98 82 28 19 74 86 54 66 8 71 55 76 62 14 73 67 3 65 
177866,	200,	99 21 15 48 92 68 47 27 45 52 32 78 30 97 66 7 39 38 23 82 9 87 57 60 24 40 62 13 94 93 61 58 35 85 73 42 6 79 70 44 20 0 12 71 75 76 33 5 69 16 17 54 25 31 3 22 8 37 18 86 51 88 50 80 26 41 2 56 64 55 29 36 43 83 59 74 28 89 91 10 67 90 53 96 1 77 98 19 63 14 49 65 11 72 81 95 46 4 34 84 
181324,	198,	18 63 79 45 29 96 8 23 9 0 3 19 81 5 85 67 77 74 35 26 13 28 82 65 2 24 49 47 87 89 48 64 73 17 10 44 75 91 40 15 90 14 39 4 6 66 54 37 42 84 98 55 25 36 16 12 46 99 21 92 95 31 59 68 30 58 57 88 52 94 34 33 32 93 80 72 76 51 53 1 71 60 83 27 61 70 56 78 50 62 20 41 22 86 69 43 38 7 11 97 
177970,	196,	95 38 64 42 45 73 53 93 27 10 32 6 62 14 96 37 39 7 1 81 68 61 91 26 80 47 94 20 82 8 72 98 4 67 35 19 75 23 44 84 3 51 40 24 57 18 66 56 86 31 59 99 48 41 49 9 85 36 90 17 22 46 83 28 58 63 55 13 97 43 76 33 87 70 77 60 34 71 0 30 2 5 79 21 29 89 52 54 92 74 88 15 69 65 78 16 12 25 11 50 
179824,	198,	34 15 41 78 66 92 95 3 24 84 38 4 43 30 5 45 14 80 26 97 42 67 64 21 44 50 75 82 77 48 88 46 11 74 16 83 19 55 53 90 63 47 17 33 23 9 37 22 86 68 25 91 0 71 94 57 12 18 58 2 96 39 32 72 10 76 60 56 61 49 6 20 93 51 40 70 7 62 99 89 31 1 79 69 85 65 98 13 35 59 8 54 28 81 36 52 29 73 87 27 
177876,	199,	39 3 19 72 9 58 86 87 93 67 74 28 14 46 24 50 5 48 90 97 70 60 27 85 54 23 4 1 79 43 59 26 94 37 38 61 65 45 25 32 44 68 18 30 51 76 7 34 56 95 77 17 6 20 41 82 57 78 10 92 42 13 66 53 11 71 40 73 35 80 16 0 8 62 83 55 91 36 49 84 12 96 99 63 98 2 52 31 88 22 29 75 81 21 64 15 89 69 33 47 
180670,	197,	52 35 15 56 10 62 38 97 65 79 24 77 5 98 92 27 54 66 82 30 68 26 6 61 58 72 11 90 23 46 29 51 22 3 64 40 4 75 31 18 12 48 42 7 43 71 78 80 69 17 91 87 53 49 19 50 45 36 70 76 34 14 93 33 9 28 39 81 8 95 89 0 2 73 83 96 32 44 55 20 60 67 13 21 63 88 84 99 25 37 86 59 85 74 47 1 41 57 94 16 
176914,	190,	90 20 94 8 88 18 38 87 27 40 55 42 53 59 89 44 86 66 85 96 51 48 83 72 97 93 30 77 0 39 67 22 82 14 36 92 76 25 23 73 91 35 52 70 32 46 58 62 45 41 11 95 61 10 12 84 5 7 56 74 99 4 13 16 75 15 9 24 57 26 64 19 65 78 2 31 29 17 68 33 80 34 71 50 47 60 1 37 79 49 69 21 28 43 81 63 98 6 3 54 
177784,	198,	15 37 91 53 89 62 8 68 66 42 3 49 19 95 79 7 56 41 64 88 17 75 4 29 69 35 78 38 10 36 20 55 9 61 47 67 13 83 86 40 14 74 28 97 22 11 72 96 92 93 63 58 90 18 34 33 26 31 52 87 32 44 98 71 77 60 73 54 6 0 80 24 84 12 39 48 76 99 25 57 65 82 5 21 59 45 94 23 70 51 1 85 2 43 16 27 50 30 46 81 
180088,	195,	79 65 9 98 51 29 73 35 49 25 89 84 91 66 72 75 62 0 47 12 69 74 81 48 24 78 4 50 86 99 27 80 44 92 63 10 3 71 20 67 7 43 61 77 28 57 95 31 68 42 59 17 40 60 76 97 96 6 53 64 58 34 90 5 13 38 88 26 11 39 14 23 36 33 85 93 83 46 19 16 87 54 21 41 56 1 52 37 18 32 2 82 94 22 8 30 15 70 45 55 
180210,	196,	79 67 82 81 23 78 86 66 39 24 72 70 89 44 46 83 31 58 27 5 54 68 1 77 51 93 3 29 57 12 96 2 71 32 43 6 73 75 7 11 40 25 9 65 76 15 33 99 48 18 42 47 80 61 87 62 19 60 92 4 55 30 36 35 37 98 21 20 69 85 59 52 90 50 16 56 26 28 41 22 10 17 0 84 91 94 63 88 8 64 97 14 13 38 53 34 49 45 74 95 
177932,	199,	21 13 82 84 79 23 95 44 67 96 45 81 16 40 75 97 20 18 50 17 89 31 80 60 35 73 34 90 48 87 88 53 70 54 6 92 99 7 14 33 51 12 42 63 9 66 25 49 94 19 65 64 85 74 62 2 38 71 11 8 10 36 15 98 4 1 69 52 27 32 91 46 57 86 3 43 93 59 39 61 83 56 24 0 47 41 72 22 26 76 37 5 58 28 30 29 78 55 77 68 
181552,	198,	14 28 35 52 51 74 25 23 50 11 56 3 21 37 8 97 7 5 98 93 81 78 12 59 20 0 18 63 22 31 79 84 54 68 6 24 44 15 30 13 49 48 64 53 40 41 73 58 47 36 1 67 80 77 96 9 91 72 39 62 38 86 46 87 34 26 33 83 19 2 61 70 92 82 89 94 66 43 4 65 88 60 76 32 85 71 45 99 27 17 95 90 75 69 29 16 42 55 10 57 
179462,	198,	15 43 78 38 81 52 67 32 56 87 35 85 24 34 9 57 82 99 75 51 90 1 76 23 11 70 46 45 39 89 71 33 3 74 55 22 64 7 49 37 54 10 59 98 13 77 2 73 0 93 92 4 62 86 88 19 42 29 5 31 97 47 60 44 21 48 53 61 30 50 63 66 18 58 17 80 65 72 91 20 14 79 28 27 84 40 96 83 16 6 68 36 25 41 8 69 26 12 94 95 
175896,	198,	85 89 1 18 49 95 66 71 88 2 63 26 14 35 33 16 50 86 83 60 56 6 20 37 82 46 43 98 69 91 19 0 79 59 9 47 62 22 5 51 13 7 74 44 41 53 81 84 76 72 15 55 80 24 99 75 57 29 45 97 32 4 68 52 67 3 28 87 61 78 42 25 38 36 10 27 94 64 54 48 23 21 39 30 58 31 70 17 90 40 11 65 34 8 96 93 12 92 77 73 
177978,	190,	17 80 76 3 22 48 65 7 26 73 45 61 67 41 15 31 85 50 21 46 92 20 97 13 74 44 88 62 91 79 58 60 2 70 63 53 40 37 12 1 66 90 39 77 27 56 98 96 59 25 34 16 94 4 95 51 8 18 82 99 68 33 87 38 93 75 11 55 47 78 49 89 0 35 6 57 5 84 30 19 28 52 86 14 9 72 54 29 24 71 10 64 69 32 36 81 42 43 83 23 
178348,	199,	28 70 57 68 6 64 56 40 79 20 66 61 7 72 82 89 96 44 54 0 14 59 77 15 58 11 38 34 69 30 81 12 91 46 98 21 52 60 37 51 71 33 67 3 80 1 47 8 18 84 87 4 90 17 95 63 27 50 31 88 94 62 36 9 35 42 13 39 73 65 86 10 23 29 32 55 45 53 97 26 43 19 25 83 92 49 48 99 2 22 41 75 24 78 76 5 93 16 74 85 
179668,	199,	65 1 66 15 76 91 93 56 22 62 92 33 13 16 73 98 79 17 87 20 25 31 6 89 7 10 72 27 8 90 55 9 82 58 19 42 4 23 39 60 74 88 46 40 34 2 43 71 52 70 35 64 3 59 5 45 11 69 95 38 41 96 61 26 28 85 21 32 80 84 12 57 48 29 49 63 97 54 37 18 67 0 30 86 94 24 77 99 83 78 81 51 50 36 68 44 75 14 53 47 
179290,	199,	73 67 38 19 1 52 27 4 70 72 48 16 89 66 9 24 54 51 55 47 28 77 50 65 80 41 68 20 82 79 59 93 75 62 7 71 2 96 14 53 95 49 87 17 45 39 91 34 99 11 23 29 60 46 83 6 44 56 13 94 37 0 32 22 30 64 81 36 10 86 42 40 26 69 74 98 57 88 31 21 61 90 43 35 78 18 63 33 12 92 25 85 58 5 3 97 84 8 15 76 
178768,	198,	61 67 73 75 50 53 66 54 15 47 24 93 36 28 10 94 62 79 3 39 70 19 14 25 65 38 45 23 64 21 9 41 16 85 90 92 27 0 30 96 91 20 46 56 59 49 44 82 58 77 97 29 40 55 11 34 17 83 76 35 52 5 2 99 8 68 18 81 89 69 57 63 1 37 78 13 43 88 48 86 74 4 98 6 32 95 31 51 84 71 22 60 26 42 33 87 72 12 7 80 
175648,	196,	44 93 15 36 5 46 67 80 96 30 94 72 29 62 66 11 43 1 54 10 28 22 87 17 69 97 23 59 7 21 53 27 83 85 78 14 56 95 9 41 75 81 45 16 55 18 39 88 61 4 73 40 42 13 74 99 3 35 0 57 92 52 51 63 31 84 19 33 50 32 20 70 65 47 48 68 77 12 38 89 90 82 49 6 8 98 58 64 76 26 37 60 71 79 91 34 86 24 25 2 
178392,	198,	30 42 28 60 93 11 32 96 57 50 7 77 70 55 66 56 64 69 74 15 23 34 3 47 31 94 53 10 72 79 20 61 88 37 13 99 35 5 19 24 65 39 59 68 26 87 83 9 62 52 95 16 46 91 22 58 82 33 78 43 85 14 0 29 8 76 6 84 51 63 12 81 2 67 48 25 1 18 89 44 49 40 54 92 80 86 36 38 4 75 90 71 45 73 17 97 21 27 41 98 
179084,	196,	19 8 37 48 13 79 46 41 95 26 70 62 97 53 59 33 9 82 6 49 77 17 89 68 35 91 57 5 66 2 25 90 22 69 7 99 65 56 10 84 1 14 52 96 4 36 67 58 11 47 51 34 31 39 50 12 81 42 15 94 72 74 71 29 64 28 27 43 16 38 44 0 78 45 63 93 23 83 92 24 60 85 20 98 87 86 32 55 73 30 76 40 54 61 18 21 80 75 88 3 
177802,	198,	53 38 25 83 84 74 30 45 61 60 27 13 1 15 35 66 86 55 7 96 23 90 85 31 88 46 95 62 82 14 48 89 33 67 56 76 21 81 22 58 97 65 41 59 11 71 24 87 52 16 99 17 29 4 49 19 98 8 20 51 79 44 10 6 92 77 63 2 73 12 3 54 80 5 43 72 42 9 94 91 69 70 75 78 37 39 57 93 26 32 47 40 50 28 18 64 68 34 36 0 
179592,	194,	67 74 88 47 62 5 37 95 1 93 35 83 97 75 72 44 79 7 33 46 29 43 85 53 36 45 64 11 71 3 25 40 8 90 52 59 50 80 49 76 51 99 78 91 38 27 66 16 84 60 57 12 13 19 92 98 30 26 86 68 87 31 0 61 42 94 77 21 15 41 4 73 89 17 39 18 70 96 81 6 54 2 63 24 48 22 14 55 34 82 9 28 56 32 69 23 20 10 65 58 
178120,	186,	96 45 10 36 42 23 28 41 40 5 88 70 81 4 43 69 64 98 55 76 48 53 59 18 84 29 57 95 12 67 44 38 47 35 13 30 72 91 33 3 61 86 74 94 75 49 99 60 22 32 68 56 77 63 73 17 26 0 7 21 58 50 14 89 78 11 93 8 66 16 85 83 37 20 62 79 15 27 80 87 25 1 9 52 71 39 2 97 82 51 34 24 19 31 46 6 54 92 65 90 
180886,	190,	62 63 16 1 48 61 81 51 11 45 30 72 88 13 0 5 25 64 17 86 34 32 59 39 50 47 92 26 14 93 69 82 89 67 44 57 55 10 8 38 28 35 6 66 36 4 3 37 43 75 20 29 18 54 9 24 27 73 68 23 22 71 83 12 56 79 58 94 85 15 80 60 97 21 78 2 7 42 19 74 77 33 95 87 41 96 65 31 53 91 52 90 99 76 98 46 49 40 70 84 
177490,	197,	59 8 50 46 82 17 24 9 10 85 35 68 96 48 6 69 99 98 72 60 53 77 58 57 94 11 12 43 71 20 33 95 47 7 41 51 97 74 54 61 22 56 31 66 37 18 86 89 87 73 52 16 38 49 80 78 93 27 83 40 0 28 84 2 36 34 76 29 63 62 90 79 75 45 3 23 64 25 26 39 30 19 21 5 44 14 4 1 32 88 81 92 13 55 15 70 42 65 67 91 
178572,	198,	41 99 93 28 87 12 16 32 5 74 45 48 8 2 38 81 69 71 37 73 91 97 75 26 89 13 24 7 17 55 9 15 85 6 88 61 20 22 98 90 21 80 64 35 63 95 31 50 92 58 40 56 60 27 94 86 54 34 46 68 1 47 14 0 76 30 23 19 53 59 49 18 84 36 52 43 42 72 70 79 33 82 65 25 62 11 29 57 77 39 10 67 44 78 83 3 96 66 4 51 
178820,	198,	42 82 77 5 38 60 49 22 98 33 28 56 80 7 44 3 84 50 24 25 95 16 17 9 89 39 99 52 14 79 63 85 68 74 1 21 12 97 2 55 31 83 15 64 30 29 23 61 58 71 91 90 65 8 78 10 36 32 18 93 87 13 94 11 19 20 45 34 81 96 51 46 27 26 48 86 72 76 57 4 41 88 92 47 53 40 59 73 62 6 35 0 67 37 43 54 69 75 70 66 
177776,	200,	5 6 66 57 70 0 7 30 33 80 44 93 82 56 69 9 19 51 48 11 71 99 38 32 55 53 78 18 20 95 17 74 63 49 16 65 91 35 50 47 81 2 87 23 84 68 52 86 40 3 42 15 21 77 73 36 45 34 29 58 92 46 8 98 1 76 54 97 67 64 59 4 39 26 22 31 79 88 10 75 89 43 62 14 94 25 90 12 28 96 72 61 37 24 60 83 13 85 27 41 
