64033,	119203,	45 10 13 15 48 21 2 43 32 4 12 6 31 35 9 36 37 47 20 25 19 16 38 3 44 23 41 33 8 29 40 14 24 42 30 0 27 39 49 18 11 46 26 22 17 1 7 34 28 5 
64104,	118869,	21 24 14 9 5 15 4 41 26 20 16 13 3 18 46 30 28 0 40 39 27 22 38 17 1 33 32 35 12 49 37 11 7 48 8 47 23 45 36 29 44 25 31 19 34 43 42 2 10 6 
64025,	117048,	18 31 21 41 14 22 26 11 29 9 47 39 38 43 28 35 12 32 46 48 4 33 34 16 40 1 5 19 17 42 3 15 7 49 30 6 45 27 8 2 25 37 13 0 23 20 24 10 36 44 
63992,	118702,	10 19 27 39 18 26 46 22 28 29 15 48 30 9 47 24 2 6 3 11 37 17 23 13 49 16 35 20 40 42 0 12 36 44 45 43 31 14 33 38 41 1 7 5 8 32 25 34 21 4 
64080,	117995,	34 19 45 5 33 3 38 11 40 8 39 44 0 13 4 21 29 43 41 31 27 10 26 24 36 15 14 20 1 9 49 22 16 32 30 37 17 42 46 48 23 25 28 12 18 47 35 2 6 7 
64110,	118616,	7 24 22 19 11 3 38 40 42 23 13 44 18 20 17 14 30 46 9 34 29 15 6 5 37 48 36 45 2 43 39 41 31 32 35 33 47 26 12 49 27 10 1 4 8 28 21 25 0 16 
64114,	118024,	36 43 31 23 7 41 18 46 40 34 14 44 39 4 49 48 28 16 42 10 37 22 11 38 5 9 24 3 0 30 45 35 47 12 27 20 13 2 26 1 32 25 29 8 33 15 6 19 21 17 
64300,	116986,	26 18 12 45 36 25 39 17 35 40 31 37 7 14 4 44 5 10 28 9 32 0 49 29 15 46 30 21 6 13 23 11 20 41 43 24 1 27 22 33 2 48 38 3 16 42 34 19 8 47 
64079,	118050,	4 22 36 5 15 40 6 1 29 14 39 34 28 25 47 7 0 48 26 11 31 41 18 9 37 45 10 30 32 27 12 24 16 33 21 3 38 19 2 44 43 49 35 23 20 17 46 8 13 42 
64210,	117952,	44 7 32 31 33 21 8 27 35 23 20 13 46 48 5 14 2 1 12 42 39 26 0 38 10 9 16 40 43 11 15 18 19 41 28 24 34 25 45 29 47 37 3 6 22 30 36 4 49 17 
63962,	117888,	45 31 15 13 36 27 12 35 42 1 46 39 48 18 44 29 8 26 9 10 16 6 4 5 2 41 23 28 19 11 32 24 7 3 30 21 47 49 40 37 38 17 22 14 20 43 34 25 33 0 
64157,	117391,	44 4 33 35 29 39 11 1 38 20 18 34 2 6 30 14 47 13 17 15 31 23 48 22 42 3 25 19 12 16 7 37 24 8 10 9 40 27 26 0 41 5 36 21 32 43 45 28 46 49 
64104,	117258,	37 11 12 0 44 28 29 40 36 23 25 47 21 1 43 20 41 45 10 4 26 19 2 14 3 27 34 7 15 16 49 22 42 38 33 18 46 39 31 32 30 17 48 6 8 9 5 35 24 13 
63821,	118186,	5 29 23 4 0 24 34 15 43 32 14 42 33 47 31 41 48 45 13 2 40 28 35 8 16 20 44 9 36 30 27 11 7 46 17 10 19 18 49 1 12 37 26 38 25 22 6 39 21 3 
63923,	118637,	21 27 39 36 48 7 10 26 37 35 44 8 1 49 47 46 25 19 14 6 33 31 43 4 42 29 30 2 12 41 24 40 32 11 45 17 28 13 3 0 23 22 9 18 20 5 15 16 38 34 
64180,	117986,	22 9 48 16 33 14 41 19 42 0 44 7 25 4 3 30 49 34 32 11 2 28 21 18 27 36 8 17 12 45 23 24 38 40 29 37 35 43 6 15 5 47 46 13 1 39 31 26 20 10 
64155,	116323,	46 47 14 8 39 0 28 12 23 25 6 4 26 33 48 40 5 44 31 7 29 9 10 30 36 41 49 32 1 21 15 18 38 43 35 19 13 24 37 2 17 16 34 20 11 45 3 42 27 22 
63911,	118977,	19 33 12 1 35 17 36 42 27 47 8 46 32 6 18 9 49 11 14 44 40 48 10 21 39 2 5 15 34 22 30 26 4 24 3 25 29 41 13 0 45 37 31 28 16 38 20 23 43 7 
64008,	116997,	45 31 18 13 40 1 21 30 46 22 48 4 7 15 5 33 8 24 12 9 2 47 19 35 34 32 42 28 38 17 44 36 49 3 16 11 0 26 29 20 10 25 14 39 41 23 37 43 6 27 
63868,	118812,	35 46 26 3 28 45 24 11 47 41 14 20 4 48 15 30 37 42 18 8 0 7 36 27 29 1 12 33 25 5 10 40 19 49 38 43 21 23 31 34 13 16 2 32 9 22 39 44 17 6 
63971,	118820,	9 18 24 10 16 37 21 11 39 28 49 48 38 22 30 47 43 2 26 44 32 27 46 14 19 7 31 13 8 25 5 34 17 45 3 15 42 6 20 33 29 12 4 36 35 41 0 1 23 40 
64143,	119143,	32 28 37 8 36 48 22 19 20 47 16 7 21 9 33 35 0 39 12 38 41 3 2 25 13 43 18 26 4 15 45 34 46 14 24 42 40 11 44 27 17 30 29 49 5 23 10 1 6 31 
63910,	117808,	38 40 23 18 16 12 26 44 8 47 45 22 28 39 1 27 32 20 2 11 41 49 33 25 48 17 29 37 10 19 21 7 34 4 24 13 6 3 0 31 42 15 36 43 9 14 30 5 35 46 
64117,	118217,	30 33 21 43 9 48 18 22 17 5 31 28 4 39 11 15 36 14 37 6 46 8 10 0 7 38 40 19 47 1 49 27 2 12 24 13 42 34 16 3 23 35 32 45 26 44 20 25 29 41 
63871,	116762,	8 17 38 20 25 40 37 22 0 33 1 48 39 34 31 36 6 30 29 45 13 10 32 4 7 26 18 16 27 24 46 14 21 9 19 49 5 41 23 42 3 44 11 43 28 2 15 47 12 35 
63920,	119249,	20 46 16 41 38 43 23 0 27 6 22 29 4 34 32 21 35 15 33 25 13 19 49 14 12 18 17 42 39 10 48 5 26 28 36 30 47 44 8 1 3 37 40 2 7 45 9 24 31 11 
64233,	116940,	23 36 34 5 24 16 28 10 4 38 44 27 9 35 46 31 11 25 19 3 32 21 1 29 18 37 45 26 41 0 2 13 48 6 43 42 14 39 22 17 47 33 40 12 20 15 8 7 49 30 
64085,	118387,	38 49 48 44 11 14 4 29 1 21 30 3 5 20 35 32 42 36 47 23 31 28 46 43 40 41 6 2 22 8 13 19 33 39 25 7 15 18 12 26 10 27 17 34 9 24 0 37 16 45 
64087,	116972,	3 2 11 31 37 17 32 40 23 30 27 5 1 22 18 15 36 21 20 41 29 8 42 43 9 7 16 46 49 33 12 10 34 24 39 47 4 14 13 38 0 25 35 48 26 6 19 28 45 44 
63949,	119190,	41 11 0 22 47 3 9 5 26 35 46 48 45 6 42 38 31 7 33 16 29 27 1 36 13 19 12 37 24 2 20 21 15 43 32 49 4 23 44 10 18 34 28 30 25 14 8 17 39 40 
64024,	117398,	26 44 36 30 40 3 23 41 39 1 11 20 27 21 29 47 49 12 34 18 9 45 22 25 16 38 15 37 42 19 28 43 14 4 0 5 31 7 8 6 35 10 13 33 46 17 24 48 2 32 
64074,	118951,	44 36 37 6 9 10 49 23 22 5 16 21 27 31 18 43 42 39 35 45 13 34 0 1 8 19 32 24 15 33 11 4 40 38 12 2 46 20 26 14 41 3 7 47 30 48 25 29 17 28 
63997,	118313,	17 1 37 33 2 7 8 46 30 27 41 40 24 28 35 6 34 43 20 42 49 14 16 36 31 45 11 39 15 26 0 22 3 47 4 38 12 44 19 21 25 32 18 5 29 13 9 48 23 10 
63963,	116250,	0 10 3 28 42 24 21 27 36 33 46 17 29 37 14 45 43 39 30 11 44 1 38 40 26 20 2 7 15 34 31 23 22 5 12 6 19 13 47 16 4 41 35 9 25 8 32 49 18 48 
64111,	114077,	35 30 31 37 40 4 26 8 7 2 47 38 39 21 18 41 9 25 6 0 46 32 42 10 23 49 16 24 45 34 19 28 33 20 22 11 43 13 27 29 12 15 36 3 14 44 5 1 48 17 
64119,	118339,	14 35 25 6 8 44 4 42 11 29 3 5 33 46 2 17 48 22 18 10 16 28 39 49 15 37 13 43 41 36 21 32 24 31 0 38 45 30 20 9 47 23 40 34 27 19 12 7 1 26 
64184,	118041,	43 25 18 47 38 34 9 24 6 14 27 37 10 41 31 8 42 15 26 2 49 21 13 33 45 5 28 22 11 1 7 19 29 35 17 23 4 0 12 44 20 40 46 48 30 3 39 36 32 16 
64082,	117433,	40 1 2 29 16 41 27 32 19 46 5 28 42 20 38 4 24 39 31 18 45 49 34 26 44 7 0 15 30 25 33 17 14 9 35 13 36 43 3 10 21 23 48 22 12 37 6 11 47 8 
64085,	116763,	7 46 29 28 2 21 14 16 48 47 10 20 34 1 35 45 4 18 9 23 43 36 27 17 31 32 33 19 13 12 42 24 39 0 25 15 5 6 41 8 3 38 11 49 30 40 37 26 44 22 
63898,	118080,	15 8 9 14 1 13 43 7 31 0 35 5 20 10 11 24 22 44 46 37 38 33 16 21 32 28 27 48 42 12 39 45 47 41 25 49 26 4 18 3 6 19 2 23 36 40 17 29 30 34 
64009,	118394,	34 38 48 26 15 21 9 29 18 1 7 42 17 39 46 6 32 4 5 44 20 3 23 43 16 47 11 24 36 40 25 27 22 13 33 28 10 31 19 41 30 35 49 2 12 37 45 8 14 0 
64131,	118325,	9 14 8 33 38 0 19 49 6 41 46 45 29 16 36 10 3 7 1 35 43 15 17 39 40 12 22 27 26 11 4 47 20 13 23 5 28 30 44 24 21 42 32 34 37 31 18 25 2 48 
64123,	116958,	29 37 14 13 27 11 35 30 28 42 17 23 16 47 21 24 9 38 31 18 10 46 40 26 48 33 5 41 45 34 32 43 0 4 15 19 25 6 12 49 22 7 3 20 8 39 2 36 1 44 
63953,	117757,	18 8 43 45 31 35 30 4 22 11 34 36 41 48 47 44 38 42 5 19 26 7 49 15 28 21 37 12 27 0 40 9 16 1 20 29 33 17 46 14 2 13 32 24 39 25 3 23 6 10 
64139,	118817,	32 45 8 48 42 33 11 4 29 2 6 10 12 46 38 14 39 17 35 1 43 44 41 5 31 21 36 28 16 0 26 25 47 24 27 13 23 49 19 7 22 3 37 40 30 18 34 20 9 15 
63842,	116900,	15 12 1 8 47 44 3 2 36 16 49 28 6 26 32 9 29 30 19 17 21 10 5 0 46 11 43 25 45 35 23 34 13 37 48 27 38 33 14 18 31 7 20 41 40 42 24 4 39 22 
63948,	118015,	23 2 13 48 39 8 5 34 41 3 20 4 38 25 14 33 29 28 16 43 0 36 31 40 19 35 26 11 30 32 7 42 47 44 1 21 10 18 49 46 24 22 27 17 15 9 37 12 45 6 
64198,	118129,	31 1 18 21 29 39 9 27 37 15 19 46 38 49 34 3 35 6 47 45 32 20 11 8 10 30 28 5 22 12 26 41 0 7 13 42 16 25 2 48 36 23 17 33 40 43 4 44 24 14 
64041,	118008,	14 24 33 7 37 44 0 10 8 32 3 9 31 28 13 25 23 16 40 18 1 41 5 36 43 26 29 39 38 17 19 46 4 30 42 2 11 12 6 15 47 49 21 20 45 48 27 34 35 22 
64158,	115370,	38 31 8 14 7 43 42 20 13 18 12 30 28 40 17 32 47 29 24 36 23 37 0 11 16 10 41 6 34 4 19 46 5 26 44 15 3 21 45 25 49 35 1 48 39 33 22 27 2 9 
63957,	115642,	34 8 9 29 27 47 17 21 42 4 31 5 22 43 1 7 44 33 36 3 35 20 38 11 46 48 19 18 13 45 25 16 10 26 40 12 39 28 24 49 14 15 32 2 23 41 0 30 6 37 
64096,	115461,	32 45 21 40 42 49 30 44 48 7 11 8 10 9 13 35 22 24 37 43 15 17 20 38 19 2 33 34 3 14 39 28 1 26 16 0 29 46 12 6 25 4 36 31 47 27 5 23 41 18 
64070,	118083,	16 1 32 10 48 14 37 6 29 18 25 30 36 38 45 31 7 41 42 19 35 28 22 34 23 33 15 27 13 4 17 39 46 2 9 0 47 5 49 3 8 11 21 44 43 24 20 40 26 12 
63980,	116694,	44 41 28 4 21 15 14 34 47 10 25 27 31 12 36 16 20 48 11 42 40 2 7 33 22 32 37 6 3 17 29 45 30 38 23 26 8 1 39 5 46 13 9 24 19 18 0 43 49 35 
63901,	118934,	43 15 31 20 34 16 10 9 27 21 6 39 33 26 25 3 19 24 22 0 44 36 28 18 12 48 41 49 46 38 14 29 5 45 1 4 37 13 35 2 42 7 47 23 40 17 30 8 32 11 
63994,	116154,	5 44 33 46 8 49 20 0 1 37 12 43 40 6 18 35 15 2 22 14 9 17 23 38 19 39 36 32 3 27 13 11 4 41 7 31 34 16 48 47 45 25 24 28 29 21 10 30 42 26 
63922,	117632,	6 13 3 5 2 36 20 25 12 48 24 33 37 26 8 44 40 14 16 11 49 45 10 41 32 47 30 27 42 39 28 35 0 22 7 1 31 4 34 29 43 18 38 15 9 19 46 17 21 23 
64211,	117145,	36 30 40 39 3 35 20 33 26 0 29 24 38 6 23 44 25 43 14 42 16 9 46 32 5 22 21 41 45 1 17 31 27 15 13 49 11 12 7 48 34 18 10 37 8 47 28 2 4 19 
64121,	118566,	46 21 22 15 28 13 8 4 17 0 30 23 42 37 49 2 19 47 48 5 7 45 16 11 38 29 3 25 32 39 35 43 27 41 20 33 14 1 44 26 12 10 9 6 36 34 24 31 18 40 
64073,	117113,	21 30 29 2 10 31 38 14 33 35 16 5 32 27 40 12 11 43 41 22 42 44 20 0 25 23 47 37 26 6 13 28 39 15 49 46 36 24 7 18 1 3 8 4 48 19 45 9 17 34 
64182,	117809,	44 47 32 9 16 10 17 1 49 4 3 19 11 43 38 21 6 24 39 7 13 18 22 26 14 45 31 42 25 8 35 41 37 29 23 30 27 5 36 33 2 20 48 12 15 40 46 0 34 28 
64059,	116062,	35 10 4 32 43 29 45 36 48 41 3 33 9 31 38 34 47 17 12 0 1 21 11 8 44 14 39 27 28 42 19 6 30 23 18 22 25 2 24 16 20 7 15 40 13 46 37 49 26 5 
64054,	117301,	4 36 31 15 6 38 26 9 16 34 48 29 12 49 44 3 42 21 17 46 30 28 13 43 22 0 20 10 23 7 2 35 39 14 47 19 25 8 27 41 1 5 40 24 33 37 45 11 18 32 
63943,	117096,	29 37 32 41 49 26 39 22 42 13 43 48 35 7 8 2 38 5 44 27 30 12 6 0 47 24 21 31 46 18 3 4 15 34 45 33 9 36 14 1 40 16 10 25 28 23 11 19 20 17 
64135,	117973,	34 21 36 14 12 24 3 31 22 7 16 47 46 38 2 37 49 15 48 26 28 18 29 45 41 1 5 30 33 6 40 39 10 35 32 27 13 4 43 0 17 19 11 44 25 8 20 9 42 23 
64157,	117041,	12 35 43 45 46 6 40 19 20 10 48 33 28 31 39 9 30 47 21 18 25 42 16 1 37 15 4 26 22 27 29 23 32 44 14 38 34 49 2 36 0 8 13 3 5 41 11 17 7 24 
64054,	117114,	6 45 32 26 25 36 11 31 39 9 33 37 16 4 48 8 18 2 5 1 14 20 10 49 17 38 13 40 7 3 21 12 22 46 15 24 43 34 19 35 0 41 29 28 42 30 27 47 44 23 
64032,	117760,	7 27 12 22 25 28 23 46 43 34 24 47 45 36 37 1 3 38 30 15 5 39 9 8 6 48 13 19 49 29 21 40 4 18 31 2 32 33 44 10 16 14 11 42 35 26 20 17 41 0 
64032,	117880,	40 21 13 18 43 41 16 6 48 34 36 0 45 14 3 49 35 44 9 10 38 22 27 23 12 1 30 32 15 26 19 17 7 20 24 8 46 37 39 4 33 29 31 28 42 47 5 11 2 25 
63938,	118162,	30 47 26 13 41 8 37 7 42 14 2 46 49 34 16 32 23 29 27 45 10 44 38 40 0 31 43 20 6 9 5 39 35 28 22 15 18 48 33 1 36 24 12 17 4 3 25 21 19 11 
64011,	119084,	28 46 2 0 18 16 21 14 40 4 33 47 24 7 45 13 44 34 9 15 8 5 23 41 43 48 11 49 12 32 19 20 26 22 29 3 6 17 10 30 38 36 27 25 35 1 31 42 37 39 
64054,	116634,	19 40 10 13 5 23 38 32 33 31 35 46 7 11 18 22 3 25 45 34 6 43 24 41 39 20 2 15 47 14 30 26 17 8 12 1 42 44 0 16 9 27 28 4 48 29 37 36 21 49 
64200,	118403,	24 47 12 8 48 9 7 19 28 31 6 37 27 0 46 2 15 30 42 4 23 10 43 39 1 40 33 21 41 17 29 38 18 20 16 49 25 5 3 36 35 13 32 22 45 44 14 26 34 11 
64107,	118000,	41 33 29 35 21 39 24 43 28 42 40 18 5 47 20 27 3 34 17 2 6 12 14 0 4 49 32 9 16 38 37 22 46 7 30 25 11 23 36 8 31 48 10 45 19 44 26 1 13 15 
63980,	118742,	15 37 48 21 4 45 20 14 7 44 39 18 43 12 11 13 38 5 6 42 47 23 22 36 19 34 8 2 10 40 30 24 41 0 29 33 1 28 17 9 46 3 27 32 31 35 26 16 49 25 
64169,	115253,	23 11 18 5 39 43 13 1 45 2 40 7 24 22 33 10 37 4 9 19 8 44 28 20 41 17 26 14 38 16 42 31 47 34 21 0 30 27 32 49 29 48 25 3 15 6 35 12 46 36 
64166,	118488,	29 10 8 37 31 25 27 44 42 6 43 40 28 46 18 34 11 4 12 1 9 49 23 26 3 2 16 5 13 20 0 41 19 45 32 33 35 38 47 7 14 17 22 48 21 30 39 15 36 24 
63980,	118138,	35 46 38 26 0 31 25 8 12 10 29 33 21 47 4 2 22 34 42 28 15 24 23 48 44 16 5 27 18 3 9 7 13 36 37 49 19 6 14 17 40 1 43 32 39 11 30 45 20 41 
64294,	119570,	4 23 15 45 0 42 36 17 10 33 1 27 11 5 12 24 2 21 49 6 22 41 9 13 7 3 34 35 48 31 44 32 19 47 29 37 43 38 8 30 25 39 16 14 46 40 28 18 26 20 
64050,	118051,	38 36 43 3 30 33 21 37 2 34 24 16 32 7 13 19 47 8 25 10 20 14 42 46 18 15 9 17 41 48 4 49 6 45 28 35 39 29 22 26 40 12 5 11 1 0 27 44 31 23 
64121,	117649,	20 46 48 49 44 28 33 36 32 38 29 12 47 45 15 23 22 3 34 37 30 8 25 19 5 18 21 10 27 1 4 16 24 13 41 9 39 35 6 26 40 14 7 2 43 31 0 11 42 17 
64182,	103630,	39 12 33 25 2 0 34 26 42 3 32 15 21 30 41 20 9 14 8 7 40 24 17 45 23 43 48 47 4 5 28 19 1 10 22 29 44 37 36 46 38 6 13 18 31 11 35 16 27 49 
64005,	118389,	8 26 2 44 30 27 16 17 9 31 29 43 28 38 35 25 0 42 24 15 14 41 13 47 37 23 33 34 36 4 10 21 12 1 3 5 20 11 19 48 39 7 40 6 22 18 49 32 46 45 
63918,	117792,	7 28 24 11 20 12 41 26 44 6 46 37 21 47 5 3 42 40 18 2 33 9 49 1 36 22 8 39 27 35 0 10 23 4 38 13 48 14 17 34 16 25 15 19 31 30 29 45 43 32 
64075,	117533,	27 41 25 12 30 4 46 16 48 8 28 31 9 3 24 43 26 49 42 40 37 20 33 10 36 47 7 18 5 22 29 34 19 21 13 17 44 23 2 11 0 38 32 1 35 15 14 39 45 6 
64040,	118699,	19 32 9 46 47 41 8 26 31 22 45 11 38 0 20 24 30 17 12 42 27 15 23 39 37 2 18 43 34 40 21 1 44 25 28 36 5 6 3 35 4 16 48 49 13 7 14 33 10 29 
64147,	115316,	7 29 24 46 5 28 15 12 20 40 10 13 14 22 2 42 8 11 32 1 34 33 6 37 9 48 45 25 43 4 49 23 0 26 39 30 36 27 38 31 16 44 21 17 18 47 19 35 41 3 
64028,	118819,	8 31 14 2 21 38 23 42 17 19 47 41 46 45 13 48 44 37 16 30 9 20 11 6 15 35 25 0 24 18 49 12 22 26 5 27 36 7 3 28 32 33 34 40 10 4 43 39 1 29 
64045,	116117,	38 1 43 32 28 25 15 49 33 27 18 29 0 44 30 5 17 48 39 40 45 4 6 13 21 19 35 31 8 2 46 20 42 34 14 26 9 7 11 47 37 16 22 10 12 36 3 24 41 23 
64094,	117393,	44 41 18 12 46 1 3 48 14 2 4 16 10 21 45 49 40 15 33 9 42 27 8 25 28 24 43 26 47 30 5 0 19 38 7 6 22 34 36 23 32 35 37 17 20 13 11 39 31 29 
64169,	115476,	11 29 16 31 13 22 15 26 27 17 36 37 14 49 28 43 24 8 12 21 0 46 5 40 42 39 30 25 7 34 18 4 1 48 9 32 44 38 19 45 3 47 23 6 10 33 20 35 2 41 
64097,	118510,	2 31 29 0 28 40 8 3 1 9 48 10 33 43 34 25 7 13 42 46 30 27 37 36 38 39 15 24 21 26 45 14 12 41 5 11 18 16 17 20 49 4 35 44 23 32 19 22 6 47 
64070,	116203,	11 20 45 19 23 44 40 22 39 1 15 48 27 0 49 35 9 4 47 14 41 5 8 3 43 13 24 32 21 30 36 10 2 33 6 25 37 42 29 31 46 28 34 12 16 26 38 17 18 7 
64031,	117294,	47 38 41 4 45 16 15 21 43 29 32 35 11 3 17 22 6 33 0 10 14 39 12 27 23 1 19 25 7 26 24 30 36 44 34 31 46 37 8 40 49 28 18 2 13 48 9 5 42 20 
64079,	117220,	33 36 30 21 11 35 34 42 3 43 17 46 22 37 6 4 27 48 14 49 40 24 0 13 12 28 19 38 16 44 31 5 26 32 41 15 1 47 7 25 2 8 20 9 39 23 10 18 29 45 
64122,	117683,	18 42 4 0 33 17 24 12 29 41 22 27 9 2 44 32 36 28 14 23 11 3 46 21 38 47 34 43 45 1 30 13 31 49 15 6 25 48 40 8 39 10 26 5 37 16 7 20 19 35 
63857,	115247,	30 47 42 8 45 31 4 32 6 39 43 12 46 35 29 18 20 37 38 28 41 10 34 25 24 15 26 1 19 16 21 3 40 27 7 13 17 22 49 2 36 33 0 14 9 5 23 44 48 11 
64022,	117536,	8 11 25 32 21 33 48 44 15 10 16 49 17 41 7 47 36 26 38 43 20 37 40 0 6 12 29 27 19 3 30 2 23 9 4 18 13 28 45 42 14 5 39 1 22 46 24 35 31 34 
63965,	115967,	22 21 13 48 18 19 23 47 9 32 24 34 42 10 5 36 7 1 20 17 43 27 26 45 16 41 15 44 30 11 31 28 35 39 46 4 33 37 6 38 40 0 14 8 25 12 3 49 2 29 
64075,	116951,	27 3 36 30 4 48 31 42 35 22 18 1 11 32 37 46 20 6 21 10 8 5 2 28 25 29 14 15 17 7 9 16 0 41 43 24 34 38 13 39 44 33 47 19 49 40 23 26 12 45 
64064,	115013,	36 29 9 6 19 41 7 3 48 27 37 8 43 42 28 33 25 14 26 5 10 2 38 31 18 11 22 34 1 24 30 39 21 20 16 23 35 44 45 0 13 12 15 47 32 40 4 46 49 17 
63907,	117448,	12 25 30 27 24 42 9 37 36 0 17 15 44 33 10 8 34 21 13 4 11 16 22 40 31 23 19 41 1 29 5 32 43 49 48 2 47 38 46 3 20 35 18 7 14 45 6 28 26 39 
63964,	115499,	2 15 39 9 8 35 0 43 31 36 1 14 27 5 17 32 44 3 40 29 6 49 4 23 42 38 33 28 24 11 22 48 13 46 16 10 30 21 47 41 26 45 34 18 25 37 19 20 7 12 
64025,	118935,	32 19 44 47 25 39 11 13 14 16 8 20 42 12 31 10 4 7 40 18 21 30 36 49 37 9 5 0 35 28 3 41 17 26 23 33 29 46 1 15 34 27 6 22 48 2 45 43 38 24 
64030,	117246,	15 10 19 48 5 8 12 14 47 45 31 35 25 7 3 6 17 24 42 2 37 40 41 21 39 46 30 4 22 16 26 20 13 49 23 34 18 32 44 1 0 38 29 11 33 36 28 27 9 43 
63999,	116942,	19 13 8 45 36 22 38 16 42 31 23 30 44 32 7 28 27 6 12 43 0 37 26 48 17 40 5 3 20 35 2 34 47 25 14 46 41 49 29 33 18 4 9 24 1 15 10 11 21 39 
64290,	116765,	40 0 39 37 45 1 17 13 47 32 21 10 24 23 12 29 26 5 19 2 33 35 34 38 44 46 36 28 6 48 20 41 3 11 42 7 25 9 43 8 31 14 27 18 49 4 22 15 30 16 
64119,	118351,	3 30 2 47 7 46 45 10 17 23 37 16 49 9 36 44 22 33 19 27 34 5 31 40 15 21 6 39 11 24 25 20 29 48 42 41 1 8 4 38 18 13 14 28 26 43 0 32 12 35 
64062,	117222,	30 6 49 28 45 37 24 40 29 41 44 42 0 48 3 19 7 25 36 10 26 16 2 32 34 31 33 22 18 17 8 20 15 21 11 12 46 13 14 1 5 47 27 35 38 39 4 23 43 9 
63999,	117538,	1 46 37 17 23 34 36 20 8 29 27 18 10 38 12 24 26 47 15 0 35 44 16 3 39 19 14 42 31 13 22 30 9 48 28 11 5 25 6 4 2 49 21 45 33 43 41 7 40 32 
64079,	117277,	37 3 23 49 32 17 40 24 8 6 41 44 36 5 27 39 26 38 4 31 35 16 0 9 20 48 19 30 12 34 43 25 15 47 46 10 28 1 45 2 14 11 22 21 33 13 18 29 42 7 
64125,	117833,	17 12 46 8 0 26 43 1 40 7 21 23 11 18 15 47 2 34 29 27 41 25 20 38 24 33 10 4 36 19 31 48 30 42 9 37 13 39 5 6 28 45 3 22 32 14 16 35 44 49 
64023,	116024,	43 8 24 42 5 44 11 49 17 35 39 12 6 34 25 18 10 31 36 45 2 21 38 37 30 22 47 1 13 26 3 33 23 28 19 7 41 4 20 29 9 46 32 16 15 40 48 27 0 14 
63938,	118457,	1 46 42 31 24 6 4 12 13 41 35 43 3 16 39 21 8 22 28 45 47 36 49 15 18 40 2 0 20 37 33 48 30 26 32 19 11 34 14 23 7 27 44 17 5 38 10 25 29 9 
64111,	117587,	9 27 5 12 0 43 33 46 22 36 8 4 7 28 15 23 3 2 38 18 14 41 31 48 32 20 17 6 13 10 29 30 26 49 21 37 40 1 34 45 16 35 24 44 25 39 19 42 47 11 
64282,	118720,	31 1 7 47 5 3 33 43 27 23 30 35 41 18 21 36 13 32 9 34 14 10 20 8 15 12 46 39 37 28 17 48 44 45 49 29 19 26 0 11 38 42 16 2 25 40 24 4 6 22 
64047,	118187,	3 40 47 26 12 16 48 24 10 36 29 17 42 35 27 7 19 39 44 20 13 5 21 14 31 11 43 34 9 38 2 23 46 30 4 25 33 32 6 22 15 1 37 18 41 0 45 8 28 49 
63810,	118784,	2 22 13 5 6 8 17 27 47 10 7 33 44 34 16 24 39 36 30 12 37 14 26 0 23 49 45 18 28 38 43 9 35 15 4 32 40 46 20 1 31 25 29 21 19 41 3 42 11 48 
64051,	117505,	9 7 48 31 43 2 29 22 8 24 15 10 32 30 26 23 41 37 33 47 4 49 44 21 35 6 17 0 14 13 38 1 27 20 45 5 3 42 16 46 11 28 36 25 19 18 34 40 12 39 
64166,	119016,	36 12 0 40 13 31 32 48 33 42 21 38 30 24 35 44 2 9 16 25 5 11 27 3 17 8 22 4 19 47 15 20 28 23 14 34 1 18 37 39 6 45 41 49 7 43 29 10 46 26 
64165,	119334,	29 34 28 26 42 21 33 43 27 19 8 31 37 10 41 30 24 40 3 18 47 22 45 36 14 35 20 15 17 9 44 49 11 2 39 46 4 16 32 25 12 0 6 13 23 5 7 38 48 1 
64029,	116897,	13 23 28 6 48 25 2 43 31 9 15 34 41 39 4 30 35 47 49 3 36 0 27 8 46 21 45 40 18 24 22 16 19 7 5 37 12 26 29 17 11 20 38 14 10 32 42 44 33 1 
64003,	118571,	9 19 41 12 38 47 44 45 11 42 15 7 39 25 24 5 49 13 26 27 21 36 10 16 22 3 4 37 33 46 6 14 18 23 40 29 43 28 31 2 48 32 0 20 30 35 17 8 34 1 
63804,	116015,	16 32 44 5 10 22 38 14 45 28 4 20 25 30 35 49 9 48 1 18 7 31 36 34 0 15 41 21 39 8 42 6 40 37 3 12 33 29 24 11 17 26 2 43 19 46 27 13 23 47 
64126,	117635,	8 13 29 38 34 31 35 46 25 17 47 0 42 45 27 10 12 28 41 1 43 14 33 40 32 30 36 2 44 15 22 6 24 4 18 7 16 37 3 19 26 5 21 23 9 49 11 39 20 48 
63980,	117820,	26 1 43 15 27 4 47 3 18 22 30 11 20 21 31 12 9 2 10 6 42 16 14 8 35 45 39 19 40 48 44 17 7 33 46 34 0 37 13 41 25 36 29 28 23 32 49 38 24 5 
64213,	118587,	49 16 39 31 7 34 27 2 0 32 28 19 21 1 14 40 33 38 3 8 12 43 20 29 30 18 44 24 37 47 9 5 15 26 22 42 6 35 45 13 48 25 41 10 11 36 4 23 17 46 
63958,	116198,	31 17 12 0 7 27 2 14 23 29 3 4 22 15 9 39 18 28 13 30 48 11 44 19 45 6 25 16 21 49 37 26 32 20 33 42 24 46 47 43 10 8 41 38 40 35 34 36 1 5 
63982,	118071,	26 14 11 24 32 38 33 6 17 29 10 48 42 4 28 45 30 9 3 5 39 21 35 43 8 41 0 19 1 25 47 37 12 31 36 18 40 15 20 2 46 27 23 16 49 13 7 44 22 34 
63990,	115113,	38 11 30 33 19 37 13 5 24 47 42 6 8 3 45 40 22 10 17 27 36 4 46 48 21 1 25 14 49 26 29 28 43 2 41 32 35 0 7 12 15 34 20 31 9 16 23 44 18 39 
63920,	116804,	46 42 8 2 45 1 25 3 24 18 0 31 21 34 29 44 33 35 48 7 40 28 20 30 6 12 9 27 26 13 15 23 10 32 39 14 22 19 49 17 36 47 41 16 37 43 11 4 5 38 
64096,	115725,	33 15 36 14 31 11 9 37 10 27 25 8 42 29 2 13 47 28 1 46 26 30 0 32 24 7 38 45 35 49 44 22 39 34 41 48 23 40 43 6 16 17 21 18 19 12 3 4 20 5 
63997,	117444,	26 31 2 12 42 45 18 49 9 29 38 39 17 25 1 5 36 7 35 0 37 30 46 23 43 15 19 28 27 20 32 34 6 8 40 47 11 16 13 41 44 21 3 33 48 22 4 14 10 24 
64029,	115817,	28 10 12 5 3 19 45 48 31 18 37 2 43 7 20 14 30 42 40 33 22 27 17 46 0 44 38 34 6 9 29 26 49 41 35 21 16 32 8 39 4 11 24 13 15 1 25 36 47 23 
64037,	118746,	45 29 14 33 26 39 19 41 27 31 3 38 8 37 0 12 9 30 22 17 35 47 21 4 13 6 7 18 36 48 24 15 1 40 2 20 23 43 25 11 46 28 32 16 10 5 34 44 49 42 
64026,	117745,	49 10 21 28 12 26 27 13 8 48 14 47 9 39 3 22 18 34 7 31 0 16 20 24 44 11 19 35 15 46 29 1 42 17 41 25 45 43 38 37 6 4 36 23 30 5 40 32 2 33 
64015,	118312,	6 33 26 36 18 14 29 0 25 23 41 22 1 42 21 45 2 38 43 39 49 44 17 32 12 9 15 7 4 20 24 37 11 46 48 13 10 27 31 8 40 28 34 30 19 16 3 47 5 35 
64061,	117313,	36 10 40 3 1 33 48 43 45 22 28 37 6 41 0 25 12 44 13 32 26 29 14 20 24 2 5 18 31 17 11 47 35 38 34 39 7 30 46 23 4 15 8 27 42 21 16 9 49 19 
64151,	117817,	37 12 6 3 26 31 14 23 21 45 0 13 1 24 30 4 34 35 36 39 8 7 40 42 33 2 48 18 44 11 9 19 20 32 46 22 41 47 25 16 27 38 43 28 5 15 17 49 10 29 
63892,	117962,	24 40 27 49 48 1 21 47 34 43 18 12 22 6 33 23 11 26 29 13 2 41 4 36 44 20 0 7 10 30 15 45 8 39 5 17 28 16 14 37 9 31 35 32 3 46 38 25 19 42 
64069,	117746,	41 23 26 36 45 38 39 2 4 43 10 22 32 48 20 24 0 17 44 13 14 33 30 28 25 29 3 5 15 8 19 37 12 42 34 21 1 46 35 16 18 6 7 49 9 47 11 27 31 40 
63992,	115934,	23 12 38 43 18 13 35 0 36 9 7 8 1 26 44 24 25 32 14 10 28 40 34 4 41 33 19 47 11 6 2 46 29 22 20 48 49 31 45 17 3 39 42 16 21 30 15 5 37 27 
64049,	118981,	42 9 2 37 39 6 5 10 13 30 45 24 29 40 27 22 8 28 31 33 17 21 46 0 3 47 35 43 18 15 4 20 26 49 19 34 7 36 16 38 11 14 44 41 1 23 25 32 12 48 
64153,	117936,	21 18 31 22 0 26 9 12 42 49 16 1 28 6 3 25 40 7 29 2 10 44 32 4 36 37 11 33 20 41 46 19 38 39 17 43 45 27 30 47 5 13 35 23 48 34 24 8 14 15 
64006,	118497,	48 1 28 22 47 10 0 9 33 31 44 45 36 11 21 49 24 6 42 27 7 26 46 41 40 29 38 15 16 35 30 5 39 2 18 13 14 34 12 19 3 37 20 8 25 4 17 32 23 43 
64120,	117708,	19 36 1 5 8 14 48 12 46 20 9 40 38 22 15 47 42 3 41 18 2 44 21 4 34 13 35 24 49 10 27 29 32 25 7 45 16 28 30 17 6 23 43 39 37 11 33 26 31 0 
64030,	118655,	33 6 30 1 11 43 24 21 13 29 17 2 34 27 4 22 0 49 9 14 47 41 19 37 39 7 44 42 40 16 25 48 38 32 35 26 28 20 8 46 12 3 23 18 5 36 15 31 10 45 
64144,	118295,	23 13 39 19 3 46 49 41 15 17 37 26 47 6 28 14 5 31 34 25 0 24 43 45 40 11 32 38 27 33 10 42 21 18 9 4 22 16 48 20 30 2 36 35 12 7 29 8 44 1 
64109,	119222,	7 27 35 47 49 14 33 16 39 4 26 45 25 11 40 8 18 3 42 28 36 12 1 0 23 41 32 6 24 38 2 46 44 21 19 30 9 17 29 20 15 13 48 31 34 43 5 10 22 37 
64105,	118518,	29 12 22 45 26 16 5 33 1 47 27 17 49 32 39 20 40 21 15 10 37 3 41 0 19 14 48 4 46 23 35 28 34 38 43 36 31 30 2 8 42 6 13 9 7 18 44 25 11 24 
64070,	118905,	21 10 8 3 22 9 26 49 1 33 14 13 44 45 25 37 5 40 36 46 31 29 19 39 24 16 11 17 38 4 35 32 41 18 30 0 2 28 7 15 23 47 34 48 42 43 6 20 27 12 
64102,	116651,	45 26 15 16 3 48 18 10 43 41 24 25 32 37 36 33 6 5 13 17 27 8 12 40 31 46 38 14 0 30 35 34 44 22 23 42 7 2 4 21 19 47 20 49 9 29 39 11 1 28 
64142,	118745,	36 9 13 39 11 17 3 47 34 6 15 48 24 42 10 7 27 26 25 31 5 20 4 8 40 14 29 22 44 33 21 38 30 23 41 45 1 19 32 16 18 49 0 2 46 37 28 35 12 43 
64091,	115562,	12 35 20 46 44 37 31 22 13 4 47 17 3 14 39 40 26 32 34 5 43 45 16 2 7 25 33 21 41 27 18 15 10 29 24 6 28 38 11 36 8 48 30 19 1 23 9 0 49 42 
64119,	118739,	14 9 47 0 43 2 19 48 35 40 21 26 12 10 8 22 30 33 42 13 44 34 17 6 11 18 15 28 16 37 1 29 46 38 45 32 25 7 24 4 41 5 23 31 20 27 39 3 49 36 
64028,	117256,	21 15 12 2 42 40 30 43 16 3 5 10 26 13 23 35 41 11 6 44 33 22 31 0 18 34 39 45 32 8 47 19 49 20 36 14 29 7 1 37 9 25 28 27 46 48 38 4 17 24 
63968,	117656,	24 6 7 9 28 8 1 27 4 33 48 45 21 38 43 17 44 20 37 39 23 47 36 30 10 16 13 3 12 14 34 26 18 42 49 15 40 11 29 19 35 25 31 32 46 5 41 2 22 0 
64050,	116550,	34 7 44 6 3 43 49 40 12 11 8 32 17 2 41 15 28 21 30 18 36 46 42 31 26 27 35 38 19 13 39 45 0 16 33 47 20 48 37 9 24 22 23 4 10 25 1 29 5 14 
64228,	119154,	39 15 10 16 22 41 32 42 44 2 5 17 37 18 21 11 19 48 12 34 49 43 7 13 35 46 28 38 3 14 1 0 20 29 36 25 45 8 6 27 24 23 9 40 30 26 4 31 47 33 
64147,	116953,	34 39 10 40 25 48 47 42 21 38 46 9 1 5 41 4 45 37 32 35 49 6 29 0 15 12 44 18 2 33 28 3 24 31 43 17 8 20 14 36 7 19 13 27 23 30 26 22 11 16 
63856,	116428,	7 47 13 45 10 8 40 30 17 29 20 16 43 9 1 26 23 42 12 39 36 0 19 48 6 14 5 49 32 21 2 37 31 33 24 25 34 38 28 41 44 3 15 46 4 11 18 22 27 35 
64151,	118288,	23 1 49 35 41 48 44 20 25 19 0 21 10 46 11 42 9 30 16 39 33 13 5 27 26 31 36 38 24 15 34 32 22 18 12 7 40 8 28 2 14 4 3 37 29 45 47 17 6 43 
63986,	118705,	4 8 3 32 43 35 33 18 10 48 38 13 44 34 26 11 17 46 5 30 1 49 22 24 45 6 37 23 28 39 27 7 36 15 40 14 2 47 21 31 0 25 19 29 41 12 20 9 42 16 
64048,	114918,	27 34 10 39 31 41 13 2 5 25 33 22 1 9 29 32 42 35 3 0 14 28 24 48 19 17 45 49 46 43 12 38 16 37 21 18 30 26 44 6 36 15 8 7 47 4 11 20 23 40 
64147,	118161,	49 13 25 27 18 21 6 1 41 38 47 22 32 28 2 11 5 15 35 40 44 3 17 46 26 14 34 30 20 37 33 0 4 9 45 19 43 39 29 24 16 48 7 10 23 12 42 36 31 8 
63964,	118679,	10 46 28 11 7 18 33 23 22 41 16 17 38 40 6 24 36 29 43 3 37 8 48 31 27 2 35 42 47 44 4 20 25 13 9 49 5 39 1 21 26 12 34 19 32 15 14 45 30 0 
64196,	117752,	43 39 28 26 6 46 20 16 1 14 5 33 48 25 34 18 29 17 42 12 11 21 49 9 30 38 27 8 13 37 2 7 10 35 4 31 45 0 40 3 19 36 32 15 47 24 23 22 44 41 
63986,	118511,	48 34 8 0 26 35 2 39 20 15 22 49 27 46 31 29 44 28 38 41 33 42 10 12 21 19 47 3 11 14 40 37 43 18 17 36 45 13 25 16 4 7 5 30 23 6 24 32 1 9 
63920,	117462,	23 33 21 31 24 1 37 34 41 16 14 42 38 22 17 2 30 11 10 48 8 46 4 43 27 25 6 3 40 0 36 9 7 26 49 15 45 28 5 29 44 47 39 35 12 20 13 32 18 19 
64081,	117583,	18 0 23 9 46 8 44 19 36 10 6 49 20 2 1 4 5 32 38 17 11 45 13 29 27 39 16 43 33 15 30 24 7 48 41 47 3 34 37 22 25 12 40 31 42 28 35 26 14 21 
63856,	117032,	2 22 49 12 34 43 23 24 48 47 25 5 9 38 6 39 15 20 19 7 3 11 31 37 28 16 4 41 36 17 35 10 8 40 14 29 18 30 32 33 1 27 44 45 26 46 21 42 0 13 
64136,	118921,	47 21 40 14 42 11 45 7 19 13 4 22 37 18 17 29 15 49 27 12 6 31 1 43 34 2 3 0 25 9 44 8 41 20 28 48 23 46 35 36 30 5 26 33 16 32 24 10 38 39 
63971,	116918,	2 21 9 11 10 36 8 49 14 23 43 33 25 26 48 22 34 32 30 29 31 39 35 44 42 38 12 13 3 40 24 6 4 7 1 41 0 16 28 20 47 46 15 45 5 37 19 27 17 18 
63819,	118569,	21 29 33 25 4 48 36 49 37 39 6 46 0 18 1 42 35 10 47 7 43 15 11 27 14 40 2 20 8 32 13 41 19 26 9 16 34 5 44 17 23 3 12 45 31 24 22 28 38 30 
64010,	118386,	6 14 45 21 38 10 8 36 19 0 47 1 12 37 9 32 5 48 22 49 15 24 40 28 23 42 20 29 7 43 44 4 18 34 39 17 33 25 3 11 30 26 27 16 41 31 13 46 35 2 
64146,	118451,	13 40 8 32 28 26 36 19 45 30 12 20 39 27 46 42 37 4 23 34 49 29 11 10 6 9 21 41 15 47 35 5 44 17 31 14 16 18 25 48 33 3 2 43 22 7 1 24 0 38 
63952,	117205,	26 11 17 22 30 41 33 32 43 4 10 38 7 3 8 13 5 9 15 40 23 25 28 46 6 29 12 37 44 34 21 14 31 20 24 2 49 1 19 39 18 47 16 35 27 48 45 0 42 36 
64137,	118069,	35 14 4 11 40 31 26 25 24 9 13 2 38 18 30 41 21 12 19 22 1 34 7 49 10 3 17 16 0 43 15 33 47 37 32 8 42 44 46 29 45 6 39 28 5 27 48 36 20 23 
64032,	117132,	12 31 0 24 19 48 38 39 32 40 33 16 15 25 22 36 23 41 49 13 37 5 46 7 3 29 14 44 2 42 34 43 11 8 9 21 4 10 45 1 47 18 26 17 20 27 35 28 30 6 
64117,	118550,	5 1 8 42 10 25 20 27 39 19 18 26 4 0 41 21 33 47 6 13 28 7 2 37 43 32 46 15 23 31 3 9 30 24 35 44 17 29 14 11 22 16 48 40 45 34 12 36 38 49 
63945,	118309,	46 3 22 40 44 32 25 15 31 49 30 12 39 42 29 13 43 0 7 6 5 24 41 10 45 18 21 16 28 26 35 11 47 36 17 19 33 23 48 20 9 8 27 2 4 34 14 37 1 38 
64054,	119025,	13 49 26 41 31 36 5 2 22 21 12 23 1 37 25 10 20 32 38 24 27 14 30 48 28 4 7 39 15 33 46 19 35 16 44 34 6 40 9 8 43 17 29 42 47 45 11 0 3 18 
64059,	118063,	41 21 20 47 42 3 35 7 36 24 1 14 27 6 46 15 28 12 48 23 19 0 13 29 38 25 31 22 18 37 44 5 4 16 34 11 26 30 17 49 32 39 43 40 33 45 8 2 10 9 
64198,	119243,	38 18 31 29 16 8 17 30 9 45 32 23 39 24 14 46 49 15 12 7 21 36 0 34 42 1 44 26 20 33 6 4 48 2 47 19 27 25 40 10 22 11 13 28 3 37 5 43 41 35 
64116,	117631,	26 40 33 19 11 48 49 43 10 8 12 27 28 16 5 20 15 24 31 37 46 18 14 2 9 22 41 35 38 29 44 32 0 3 4 13 30 7 17 6 42 23 39 21 45 47 25 34 1 36 
64010,	118546,	21 7 13 14 46 38 48 28 29 45 35 16 32 19 33 9 27 22 34 36 37 17 12 18 39 8 3 1 2 42 41 5 15 11 25 23 0 47 4 40 44 30 6 24 20 43 49 10 26 31 
63936,	117328,	7 44 28 22 24 6 29 39 14 38 4 12 35 49 13 32 30 43 21 0 27 20 23 47 16 18 8 15 5 25 9 36 1 37 42 3 17 31 45 10 2 19 46 41 40 48 26 34 33 11 
64155,	118083,	40 27 25 31 12 6 9 42 18 19 4 23 46 43 15 8 1 39 3 33 10 45 41 36 26 24 30 38 44 11 49 20 14 22 37 47 32 34 13 29 21 17 7 48 35 0 5 28 16 2 
64104,	117615,	35 14 26 18 46 29 30 17 20 0 41 31 38 11 34 37 43 25 44 10 45 33 1 28 23 24 19 4 21 8 36 5 16 12 40 42 39 6 47 27 48 15 22 13 2 49 9 32 3 7 
64026,	118914,	43 10 39 20 16 30 37 29 23 18 8 4 7 14 0 12 49 13 28 33 17 35 9 22 19 1 32 40 11 5 48 24 26 36 6 2 45 38 21 27 46 47 42 41 31 3 15 34 44 25 
64106,	115009,	41 49 32 2 31 33 36 14 6 26 28 47 3 40 5 42 39 34 19 29 48 24 1 30 22 10 43 8 23 15 16 27 12 0 35 44 13 7 9 38 46 4 17 21 20 37 18 25 45 11 
63943,	119238,	14 45 31 40 1 8 12 41 0 25 19 23 30 27 3 15 48 35 32 24 10 33 6 26 39 44 16 21 28 11 7 38 49 9 20 18 22 4 36 42 46 43 5 17 29 47 2 37 13 34 
63859,	116337,	7 14 39 33 30 8 20 44 28 43 47 31 46 36 21 19 13 1 3 15 18 6 49 38 34 10 22 26 16 25 12 29 9 48 23 42 27 11 41 40 45 35 0 24 32 5 17 37 2 4 
64192,	119238,	13 4 49 34 17 10 11 14 16 25 19 30 40 47 3 26 1 46 28 38 18 9 33 12 43 37 44 27 41 7 36 39 6 23 29 21 22 31 2 32 48 35 24 0 20 8 42 45 15 5 
63940,	116816,	37 30 3 45 13 22 5 21 48 0 33 14 42 31 49 7 26 4 46 27 39 34 8 6 2 44 11 1 20 32 41 43 18 29 23 25 10 40 16 17 24 19 35 12 47 15 36 28 38 9 
63957,	119240,	38 44 8 20 39 37 27 3 1 16 15 6 35 11 5 18 42 7 10 28 32 25 21 0 2 12 30 19 41 24 34 36 29 46 45 23 22 40 43 31 17 13 33 14 47 48 9 26 49 4 
64183,	116709,	1 17 27 2 20 10 3 33 31 30 41 39 16 12 18 7 22 8 24 0 43 21 29 44 26 35 11 47 13 40 15 9 5 6 25 46 14 19 23 4 42 28 49 34 38 45 36 37 48 32 
63917,	117388,	24 27 39 13 31 3 32 36 47 45 4 49 14 18 22 2 43 48 28 11 8 23 20 34 1 15 25 0 29 30 12 16 21 38 42 37 19 6 40 26 5 17 9 44 41 33 35 7 10 46 
64057,	117207,	23 8 41 17 3 34 21 28 32 44 46 9 43 39 1 35 13 15 37 0 11 49 40 36 4 22 31 5 16 14 29 10 6 12 24 47 38 27 45 42 48 33 18 25 20 26 19 30 2 7 
64064,	118324,	34 45 41 39 1 35 10 19 9 33 31 37 11 42 32 0 29 28 15 38 40 18 48 13 4 44 46 22 2 25 17 26 27 6 16 36 14 7 24 5 8 49 21 43 12 3 47 20 23 30 
