178226,	119635,	63 88 52 49 11 98 24 81 12 82 48 61 38 15 34 8 57 80 42 26 28 67 47 39 97 17 89 85 21 19 7 96 40 90 86 79 3 6 43 59 77 22 83 71 53 54 87 16 35 30 65 0 78 62 46 60 36 99 51 95 50 94 20 5 92 14 55 13 27 23 70 45 84 76 25 32 56 18 44 4 69 64 10 73 9 33 75 58 31 74 1 29 2 91 37 68 72 93 41 66 
179588,	117580,	20 42 32 2 37 29 17 77 25 63 46 88 55 43 10 73 9 59 66 65 14 7 47 83 69 38 96 13 90 30 78 70 82 39 16 54 24 40 27 4 56 75 72 68 71 62 23 22 1 92 61 3 93 48 94 0 44 15 50 18 67 41 85 26 58 99 53 74 97 87 95 5 33 8 64 45 35 36 98 12 21 81 84 91 28 76 89 49 31 51 57 60 19 34 79 6 52 86 11 80 
179450,	120016,	5 14 38 49 83 92 43 31 96 67 20 30 10 6 40 80 70 87 72 65 63 15 19 21 85 3 44 68 8 61 91 60 89 81 26 18 37 77 41 33 0 7 99 34 62 46 27 56 45 59 54 71 66 53 94 95 82 48 23 55 2 69 28 4 52 25 22 90 36 17 78 98 35 88 58 57 9 42 79 74 64 1 47 11 84 24 12 13 32 73 50 86 51 75 29 39 16 93 97 76 
178830,	117514,	84 50 24 8 27 37 45 79 72 54 75 13 23 34 18 0 30 77 85 51 66 9 59 32 76 91 48 57 47 46 68 31 61 65 87 29 83 96 2 60 14 71 35 78 80 42 70 88 41 33 15 1 99 53 3 56 10 64 52 81 39 89 62 7 4 93 82 11 25 5 43 73 38 16 26 97 17 49 58 6 98 90 22 69 86 94 55 74 63 20 28 95 19 36 92 40 67 21 44 12 
178764,	119383,	17 79 71 40 81 51 43 45 8 80 69 26 36 35 42 75 83 19 50 27 95 85 66 47 22 88 58 13 0 44 28 33 63 98 70 96 14 84 76 20 73 55 32 48 64 97 29 54 1 11 60 61 9 5 7 34 94 90 52 91 49 24 59 68 15 4 23 72 87 12 30 86 99 21 41 38 93 77 57 3 74 65 25 53 18 67 62 78 39 31 16 2 82 56 37 92 6 46 10 89 
179356,	118025,	61 74 10 99 87 57 53 60 34 95 51 43 50 52 11 47 42 84 3 21 6 44 22 67 30 65 90 45 32 40 13 23 26 86 80 15 93 92 20 31 49 88 75 77 85 5 39 9 81 18 38 98 66 36 7 2 25 89 73 68 63 55 28 54 19 64 71 76 1 56 27 70 12 72 78 82 48 83 46 94 24 17 59 35 4 69 97 96 0 41 16 37 14 29 91 8 33 79 62 58 
176328,	119210,	37 91 69 89 2 50 5 47 10 49 12 60 97 83 31 87 40 58 73 17 42 80 77 32 46 33 28 0 98 52 22 79 16 35 24 14 21 18 76 78 81 82 84 9 59 19 27 43 38 36 48 11 34 26 86 57 62 63 13 3 93 90 25 61 54 53 4 70 71 45 55 51 23 74 92 15 96 65 30 85 64 66 41 56 72 39 99 6 8 75 94 67 29 44 88 68 95 1 7 20 
179038,	119078,	74 98 65 91 13 14 30 4 67 73 55 39 49 34 80 28 33 7 86 89 40 25 11 50 36 99 44 54 90 51 97 31 35 12 47 43 56 21 20 2 10 96 77 79 61 82 6 92 71 95 76 87 26 66 38 78 81 17 19 32 62 27 5 15 72 8 58 18 9 85 84 75 45 48 29 37 64 52 23 88 59 3 63 24 16 93 1 57 83 68 70 53 0 60 22 46 69 94 41 42 
179156,	113255,	71 24 60 63 8 75 74 79 69 77 46 70 5 59 98 53 57 91 36 41 85 17 96 3 67 22 61 56 1 29 7 49 19 10 2 86 90 6 33 48 13 39 14 88 37 95 80 97 68 82 52 87 47 94 32 30 38 89 4 44 0 62 15 43 81 34 27 40 65 21 31 12 45 9 76 99 42 66 25 93 83 35 78 50 20 64 73 26 55 54 84 18 72 23 92 51 11 58 28 16 
178110,	117569,	78 56 98 89 49 65 74 59 37 75 28 67 17 21 35 52 91 76 2 12 47 88 53 70 27 77 86 23 80 69 92 66 68 72 18 99 14 63 57 64 22 10 71 87 31 93 8 85 79 43 33 84 51 97 58 25 34 48 54 46 32 38 90 7 50 9 94 44 1 62 73 0 3 29 83 55 13 5 11 81 30 4 42 16 24 15 6 60 39 36 82 61 96 45 20 41 19 26 95 40 
178232,	117919,	27 94 21 68 75 61 72 38 66 22 1 74 60 83 78 52 41 3 8 54 92 57 16 26 49 47 63 15 24 7 11 90 32 36 99 56 73 48 20 85 51 89 42 50 69 35 95 67 77 14 84 30 81 17 10 19 39 33 97 82 0 2 88 80 58 40 28 6 31 29 55 71 45 5 59 62 12 9 87 91 70 37 96 53 76 86 98 64 46 93 13 25 23 4 65 18 34 44 79 43 
178676,	119159,	64 74 33 28 46 71 88 13 47 34 24 35 78 58 6 98 44 10 41 95 89 99 18 53 87 81 20 45 43 49 61 19 32 3 77 72 68 62 67 94 36 69 1 37 29 84 60 63 31 4 54 50 82 38 86 27 26 80 59 14 30 97 15 75 17 79 83 39 51 7 70 48 8 91 9 90 40 12 56 22 93 52 85 66 73 42 96 21 5 0 92 76 25 2 65 23 11 16 55 57 
177388,	118688,	59 98 63 75 61 46 50 68 32 12 9 20 78 72 64 11 71 43 93 28 81 89 18 39 0 51 56 60 19 36 4 31 94 52 17 30 95 96 38 2 91 25 5 65 1 54 76 37 27 49 41 48 24 58 14 86 40 13 88 79 87 44 90 15 62 42 3 55 92 66 77 22 34 7 47 6 45 69 85 82 8 74 23 99 26 83 73 16 35 21 80 29 53 10 67 84 70 57 33 97 
179426,	118317,	93 58 94 61 51 95 26 99 71 21 47 28 10 2 1 15 4 84 64 76 72 82 13 29 41 27 37 31 39 86 18 63 77 0 48 98 24 50 16 75 74 20 6 89 11 35 23 36 85 65 88 79 34 83 78 40 68 96 97 80 25 92 90 53 3 62 87 60 19 8 43 91 46 66 56 55 32 54 52 59 44 38 14 42 81 9 17 67 57 33 49 73 5 7 45 69 12 70 22 30 
178508,	119238,	42 34 88 23 4 52 90 24 20 58 92 72 78 61 10 96 64 74 39 29 15 40 57 65 93 56 67 45 26 83 85 2 27 18 22 54 68 51 63 76 41 6 36 21 87 7 11 0 25 3 46 66 30 12 73 97 62 91 19 44 80 43 53 33 60 86 35 1 70 37 32 98 99 95 82 79 81 55 14 5 59 48 94 9 49 28 89 38 17 50 75 16 13 77 47 69 71 31 8 84 
178156,	118699,	14 76 67 12 61 58 95 55 25 2 33 4 99 29 37 35 16 79 13 30 49 36 1 85 84 98 62 51 27 91 3 70 80 68 72 21 39 47 15 88 60 50 92 10 8 44 48 65 18 11 31 54 9 90 34 40 64 78 63 41 42 23 71 7 6 81 52 97 82 75 96 46 19 73 86 53 93 69 94 28 87 0 45 83 77 59 20 66 5 17 74 22 56 57 32 24 38 26 43 89 
176492,	116456,	42 92 21 24 39 70 67 65 79 13 47 18 37 25 31 78 4 14 7 97 75 49 32 56 22 98 34 33 69 85 62 58 61 51 11 44 41 19 23 12 84 90 2 91 57 99 63 83 68 8 60 82 77 54 59 6 40 16 76 95 48 1 17 88 74 15 29 10 26 87 71 64 46 0 53 3 93 43 50 27 81 30 66 35 86 38 80 55 5 36 20 52 45 89 9 94 73 96 72 28 
181464,	118633,	4 70 51 86 73 36 27 21 74 81 53 25 37 34 83 80 44 59 78 48 12 16 77 33 94 49 98 7 11 46 97 55 87 96 41 18 2 69 95 84 0 14 47 9 54 57 13 39 68 50 88 56 3 22 31 92 29 32 75 17 66 99 85 76 89 42 93 26 91 19 35 52 20 61 67 6 38 90 5 24 82 65 63 40 10 64 71 43 30 23 58 28 60 62 79 1 45 8 72 15 
176736,	118815,	27 95 34 56 75 26 36 29 19 33 78 1 31 43 20 97 6 57 23 25 2 98 69 86 4 11 88 79 21 64 52 61 68 17 60 0 53 47 10 59 50 13 8 67 28 99 55 18 38 73 70 42 16 87 82 96 85 41 58 92 39 89 93 35 74 24 32 12 76 48 83 81 37 94 62 51 44 7 71 22 46 80 9 3 91 90 45 15 77 54 84 30 65 63 5 66 14 49 72 40 
177534,	117354,	85 5 26 62 86 29 1 71 22 96 73 87 12 44 41 67 81 57 10 27 49 97 7 42 35 50 52 69 34 4 16 40 88 30 0 76 84 23 74 98 25 13 17 92 59 72 78 79 20 32 46 14 38 60 31 37 70 99 11 47 89 63 95 80 64 48 75 77 90 2 65 8 24 21 3 93 36 43 51 82 39 19 18 54 15 83 61 91 45 66 28 68 9 53 33 55 56 58 6 94 
178608,	118806,	57 38 45 56 13 6 29 54 95 97 4 82 14 27 0 22 61 47 64 44 76 85 65 99 75 35 92 86 28 39 37 83 16 41 63 51 23 67 40 8 91 50 60 32 26 98 52 25 46 49 70 53 94 10 12 18 87 43 89 42 59 93 9 55 81 31 73 7 34 71 79 72 88 84 48 96 30 2 17 1 69 5 62 36 20 77 3 24 78 15 80 68 74 66 11 19 21 33 58 90 
177718,	118877,	50 71 1 11 59 80 29 13 75 24 56 7 6 65 5 73 30 4 2 79 28 66 78 63 61 96 81 90 21 37 69 31 99 88 93 89 34 16 52 77 49 38 62 48 54 8 27 84 58 53 44 51 10 42 41 26 95 94 18 74 55 32 0 17 35 64 86 85 19 47 22 46 91 33 9 40 15 39 60 3 72 98 82 20 14 97 23 25 45 68 43 76 70 57 67 83 87 92 12 36 
177690,	118015,	17 77 39 38 56 12 67 52 78 1 21 57 5 86 95 85 93 48 55 37 60 8 6 63 70 45 44 24 82 98 9 92 76 22 61 66 51 33 94 35 62 46 99 16 73 90 26 96 25 89 13 15 31 43 72 29 75 83 81 34 84 79 69 47 74 87 53 30 40 50 54 3 71 59 88 14 4 19 58 20 41 80 49 23 36 64 32 91 10 28 7 65 97 0 42 2 18 27 68 11 
176484,	119949,	27 18 91 62 30 42 73 71 69 78 0 24 84 32 89 38 66 25 40 37 29 4 98 49 3 80 65 53 9 39 55 85 2 83 88 74 44 76 10 75 86 51 63 13 60 68 31 5 94 22 95 33 12 19 54 97 17 26 92 61 20 56 47 11 43 81 87 46 52 79 58 7 35 21 48 28 23 50 72 6 36 59 8 93 77 45 64 34 1 99 82 57 67 70 41 14 15 96 16 90 
177346,	117490,	52 63 99 11 69 10 34 19 84 87 58 56 45 98 82 53 94 51 59 86 55 85 5 39 64 33 44 65 77 74 95 18 88 9 47 1 13 3 62 40 22 67 68 0 76 25 37 78 92 79 6 41 83 90 24 73 17 8 70 4 16 96 75 35 72 23 42 36 7 14 91 32 49 27 30 20 93 12 60 26 48 71 28 81 43 15 50 46 80 31 57 2 21 97 89 38 66 54 29 61 
178262,	116283,	69 98 82 49 10 86 9 84 57 67 26 33 89 45 94 17 53 92 22 27 36 80 30 47 40 95 79 3 66 91 85 55 37 65 64 2 29 93 72 23 96 87 75 68 18 44 56 24 41 90 6 39 71 62 32 52 97 12 20 77 88 78 58 31 11 38 81 48 21 51 16 60 14 76 43 42 46 99 7 70 74 1 73 5 15 28 8 25 50 0 34 61 63 54 59 19 83 35 13 4 
177328,	118789,	82 94 65 57 76 98 24 46 70 22 78 66 10 38 43 61 62 27 4 91 92 41 96 55 20 54 26 13 80 7 12 39 68 45 37 58 72 17 42 35 33 15 14 11 32 97 53 30 59 74 60 28 84 81 29 0 93 1 47 49 79 88 18 99 89 8 73 56 23 52 86 71 31 2 77 25 95 85 50 34 67 36 21 90 83 75 87 64 69 63 48 44 3 19 40 16 5 51 9 6 
177190,	118501,	62 50 93 74 85 56 54 38 4 30 27 60 2 69 8 34 88 70 33 63 5 19 36 26 89 97 98 53 1 90 61 21 59 51 7 22 41 43 48 58 96 24 75 17 68 95 64 72 78 13 40 25 28 82 77 31 79 73 3 83 57 71 42 99 39 65 94 11 10 76 18 81 55 15 12 86 23 6 91 20 46 80 47 45 49 44 37 16 14 32 67 92 9 66 87 29 84 0 52 35 
180610,	118881,	41 20 67 70 4 3 68 45 14 8 85 32 54 12 93 49 16 27 26 24 83 72 56 77 91 80 89 60 9 81 61 73 96 95 40 58 29 28 66 52 57 17 30 55 39 6 38 50 94 18 51 13 88 64 36 10 74 5 47 7 69 98 62 21 79 97 2 48 76 46 99 78 42 25 90 34 37 43 92 59 22 15 1 65 0 82 86 71 19 87 31 23 84 44 11 63 35 33 53 75 
177914,	119688,	17 85 67 42 98 55 45 57 46 41 77 28 70 59 24 84 4 64 99 79 1 15 47 37 62 10 33 69 88 87 80 93 14 96 8 78 32 0 5 20 82 30 9 43 56 72 52 44 91 74 63 48 40 27 54 97 53 35 65 95 60 90 38 12 11 66 31 21 29 26 76 19 89 6 16 68 25 94 13 75 23 92 50 73 34 18 3 22 83 81 2 39 7 36 61 49 58 51 71 86 
176080,	119300,	16 98 48 10 21 71 12 11 42 74 88 8 50 93 52 20 47 33 60 35 45 0 67 91 31 46 28 51 85 70 34 87 49 72 25 29 96 66 36 94 18 41 73 26 15 75 44 68 53 61 90 80 37 2 32 3 78 69 17 64 24 82 19 54 95 27 99 40 30 57 56 84 62 63 6 83 22 76 7 86 65 43 58 59 55 79 4 89 81 97 5 38 13 92 1 9 39 77 23 14 
178748,	116668,	96 41 51 19 74 28 47 9 71 5 97 24 89 0 49 38 69 61 63 14 98 85 84 18 1 81 88 37 79 83 30 17 15 50 54 29 22 6 68 26 55 73 70 12 77 21 40 95 11 56 23 2 75 93 91 59 67 80 33 13 36 87 34 7 86 16 48 62 35 64 10 31 8 60 53 92 46 42 90 76 94 57 43 25 52 66 4 58 20 27 39 72 82 99 78 32 65 3 45 44 
177258,	118921,	27 19 60 5 80 8 69 7 73 34 18 93 4 33 25 10 72 23 47 11 45 15 85 13 30 0 84 35 53 40 86 28 87 50 61 3 66 41 79 58 20 98 31 29 26 59 67 68 46 77 90 43 56 62 89 37 95 81 91 38 32 82 76 39 9 65 52 57 42 55 94 92 6 1 49 70 96 36 48 17 21 88 97 2 51 78 64 12 16 63 24 71 83 54 99 74 14 75 22 44 
179296,	117809,	11 28 44 90 42 82 3 74 76 4 47 99 70 66 80 39 75 78 63 31 2 7 68 48 49 91 95 61 13 51 81 23 83 29 6 14 19 22 16 33 25 62 38 45 18 12 64 37 79 46 97 98 5 41 65 27 94 40 85 60 20 24 93 21 53 32 69 67 9 35 88 36 43 96 54 26 10 15 57 50 92 86 8 87 52 56 34 84 30 72 59 0 89 55 71 58 1 17 73 77 
178702,	118845,	24 16 42 71 53 47 62 9 6 52 75 3 20 22 74 68 82 23 76 26 14 49 28 55 85 77 54 25 10 79 64 44 5 56 59 67 57 40 99 84 51 91 4 39 41 92 50 30 29 48 18 15 17 72 97 1 35 66 7 63 31 58 32 33 60 90 34 94 86 65 88 46 70 0 38 45 43 80 89 61 11 83 27 81 13 8 19 93 37 96 12 36 69 73 78 87 95 2 98 21 
179586,	119536,	13 47 28 23 38 17 18 37 29 59 71 3 61 6 67 25 81 99 15 2 82 16 66 57 56 95 12 7 70 72 35 55 60 39 45 63 78 32 88 40 86 76 74 87 51 65 96 52 80 44 31 49 34 58 77 46 69 91 1 19 53 89 79 94 90 93 75 43 14 85 68 42 98 30 64 27 8 33 10 22 84 5 50 0 73 9 48 26 20 36 54 62 83 24 21 97 4 11 41 92 
178356,	118799,	52 45 0 4 97 24 63 53 7 13 35 90 69 70 75 36 74 8 94 78 71 10 3 25 28 88 60 93 95 72 50 48 19 42 86 61 32 49 9 65 11 46 91 29 37 20 39 85 83 21 23 44 64 14 51 89 76 73 81 77 67 41 17 99 18 1 79 68 6 30 12 33 38 5 40 31 59 96 92 47 54 16 87 55 58 27 62 15 82 34 98 57 2 26 80 22 66 43 84 56 
178906,	119401,	72 40 24 28 77 26 29 86 32 42 30 73 52 22 3 79 10 76 11 65 82 64 21 6 54 37 87 62 80 92 34 84 38 53 23 8 2 27 7 19 51 71 58 49 81 55 99 90 59 16 75 43 93 48 85 83 67 91 88 14 74 39 1 9 31 45 50 89 98 47 36 68 94 18 60 70 61 41 78 20 96 46 95 4 63 25 66 56 57 13 35 17 15 5 0 69 97 12 33 44 
179234,	113093,	67 63 87 46 57 13 50 55 12 77 78 17 45 35 91 24 11 43 76 90 58 14 73 71 1 6 40 41 20 88 53 64 51 66 92 69 0 61 94 89 81 52 60 3 16 29 26 83 97 56 36 4 47 72 39 99 48 31 25 9 74 34 15 2 44 79 93 49 75 21 59 28 8 54 82 85 10 27 62 19 42 22 96 84 33 70 68 18 30 80 65 32 37 98 5 38 7 23 86 95 
181140,	102084,	31 59 62 49 90 13 2 50 60 73 71 22 41 77 8 42 44 91 87 79 70 19 29 28 21 65 89 83 85 63 74 25 92 36 52 34 43 9 15 7 84 40 5 69 38 14 47 3 96 46 88 10 56 35 94 66 57 45 61 39 48 64 20 55 6 81 32 23 80 1 99 30 33 11 17 51 26 76 93 78 75 98 18 54 68 97 67 4 72 27 82 86 16 0 12 58 24 37 53 95 
176422,	110143,	48 16 44 90 65 37 5 13 59 35 66 24 39 36 9 34 93 95 68 49 72 87 70 63 71 29 67 52 38 57 50 61 27 55 6 31 25 23 22 89 85 0 32 12 96 18 98 79 41 26 54 10 84 21 80 64 28 99 62 86 77 81 88 4 60 45 42 97 1 8 40 74 76 11 46 19 78 2 43 75 47 51 56 53 17 15 69 82 73 94 7 83 30 33 20 14 3 92 58 91 
175910,	116869,	9 28 34 11 3 72 31 98 23 24 70 5 33 96 57 41 35 46 30 26 90 89 0 95 61 55 36 81 52 94 84 93 87 63 17 80 91 14 49 16 6 86 67 53 13 12 32 85 56 64 65 29 39 50 74 47 97 27 75 22 18 76 1 88 59 68 40 79 21 19 25 7 20 44 83 99 38 2 4 73 15 78 8 77 37 10 43 92 51 66 48 71 45 42 82 69 54 60 62 58 
177696,	118262,	15 70 30 95 85 7 55 44 76 9 82 11 62 21 98 66 56 87 57 78 26 92 29 65 16 93 32 2 38 71 68 79 47 73 77 89 91 86 12 40 63 4 99 28 42 74 49 27 54 96 52 18 10 46 1 37 51 81 13 23 33 97 45 8 34 14 3 6 75 58 80 43 50 20 84 53 41 67 69 64 61 94 17 88 31 35 39 0 83 72 22 24 90 59 5 48 36 60 25 19 
179906,	118483,	79 3 0 2 63 99 61 86 22 97 24 7 92 85 56 10 68 62 25 81 45 84 8 17 69 52 80 37 91 47 50 40 65 55 14 1 13 71 42 19 51 95 72 82 57 32 83 33 90 9 78 74 27 96 46 70 44 93 66 18 36 30 39 28 21 77 12 5 67 35 75 38 23 26 59 54 88 49 11 31 76 60 98 87 41 73 6 64 43 34 16 89 94 53 29 4 20 48 15 58 
178736,	118924,	69 95 1 27 29 25 81 58 11 61 64 62 43 91 30 36 3 98 96 8 42 5 65 20 19 84 13 56 49 63 23 7 52 14 76 75 88 15 21 39 67 79 94 51 12 59 97 82 87 26 40 47 57 22 71 92 33 28 10 46 9 37 77 18 89 44 90 85 78 34 74 55 83 70 41 54 6 31 0 16 99 48 86 72 60 2 32 68 38 50 80 4 45 93 24 66 35 17 53 73 
181190,	119182,	81 74 28 63 56 85 8 54 39 78 41 73 15 62 51 72 43 37 59 87 68 98 29 77 27 94 0 21 84 80 36 2 12 24 50 82 71 95 61 86 49 25 92 10 20 33 55 7 76 60 32 83 46 47 34 6 66 93 91 70 14 30 69 79 96 18 75 19 11 64 58 35 3 17 48 1 26 88 90 99 97 57 67 31 23 13 16 44 40 22 4 52 45 5 65 38 42 9 89 53 
177514,	119320,	56 26 2 82 17 91 45 96 43 4 66 65 76 23 46 60 28 31 54 97 51 39 58 52 64 41 38 6 16 86 89 8 49 44 59 77 35 78 79 72 73 34 80 93 99 24 98 94 0 25 57 47 37 48 21 75 29 74 9 14 70 30 88 3 71 1 67 85 90 69 27 22 40 63 84 33 55 19 11 10 5 32 15 18 61 7 12 95 92 87 62 68 83 53 36 13 50 42 81 20 
181358,	119560,	7 6 10 45 99 62 41 93 77 0 25 8 27 85 66 55 71 19 46 65 13 52 21 54 87 63 29 64 51 1 60 26 35 78 16 38 24 61 53 59 56 50 34 95 83 82 17 15 37 9 42 47 20 89 18 5 80 74 49 70 2 91 94 22 67 31 11 86 75 48 33 81 69 79 92 39 23 84 76 3 12 90 97 44 28 72 68 30 88 4 98 36 40 96 73 58 32 43 14 57 
176768,	118873,	61 63 10 70 80 6 56 94 22 85 78 48 16 26 17 38 89 92 47 53 15 11 19 34 77 82 66 91 49 24 51 64 21 12 90 76 9 69 14 8 32 33 84 41 86 87 1 97 83 18 3 96 31 42 25 95 52 75 67 68 35 46 7 13 79 88 74 93 2 65 60 72 59 0 71 44 62 99 50 5 29 55 81 45 58 36 30 37 57 40 28 27 39 73 43 4 98 54 20 23 
179794,	119558,	13 65 34 48 86 75 77 56 95 49 18 0 57 94 46 10 58 35 6 84 88 2 51 52 73 42 16 8 50 54 26 90 66 55 47 22 80 9 45 27 33 97 17 41 30 23 15 81 12 3 72 31 61 7 99 40 67 83 37 85 59 44 71 93 36 60 78 24 79 32 11 5 68 70 82 14 64 38 69 28 87 39 96 43 92 98 63 62 25 76 89 74 4 53 20 1 91 21 19 29 
179308,	116962,	62 16 84 27 4 60 94 30 59 1 7 2 86 67 22 69 28 82 44 56 33 89 20 39 31 99 21 64 45 70 71 35 19 49 78 6 80 34 8 77 24 75 93 0 63 48 92 88 98 74 73 58 76 12 36 61 46 10 47 43 9 81 68 66 52 38 14 15 65 91 90 51 55 97 42 29 13 95 41 17 5 53 25 18 26 57 50 85 3 23 83 87 96 37 72 32 11 79 54 40 
179038,	119312,	77 79 59 65 9 43 55 25 29 0 5 35 8 34 16 28 47 37 50 82 68 90 22 56 42 2 84 93 61 1 89 7 73 30 52 41 85 15 96 54 86 14 10 12 67 58 6 49 17 69 70 88 23 18 21 38 87 62 72 66 64 60 11 26 44 94 45 51 39 48 31 99 91 81 19 74 76 95 71 83 57 53 36 80 33 78 24 3 20 97 4 46 75 92 13 63 32 27 98 40 
176444,	119555,	94 8 67 69 26 20 5 48 36 40 27 22 37 34 25 59 65 29 83 96 50 39 79 89 90 52 11 41 46 80 4 75 9 15 13 85 38 51 60 43 16 28 99 55 58 1 3 61 23 68 54 72 30 95 78 73 31 88 7 97 70 0 10 24 53 63 62 49 81 84 32 57 66 92 91 93 18 45 64 87 82 33 42 74 86 35 2 44 12 76 6 56 47 21 14 19 98 77 17 71 
178814,	117534,	73 71 13 48 41 17 46 11 97 24 70 0 18 19 77 7 5 78 96 55 12 47 42 60 44 34 82 56 35 29 27 23 91 31 51 43 75 84 25 33 28 45 54 62 2 22 8 40 6 53 61 49 16 72 83 92 38 74 80 89 98 3 4 1 95 76 50 59 85 10 32 94 52 99 68 20 66 36 26 90 81 21 15 87 79 9 63 30 88 67 69 57 93 58 39 65 14 37 86 64 
177686,	119540,	58 84 95 55 72 38 68 67 28 54 14 35 56 74 21 29 98 60 90 11 61 94 59 63 93 88 91 7 5 9 3 36 62 81 2 83 75 32 99 18 30 65 64 96 80 34 26 71 77 10 19 33 57 87 15 73 66 52 16 17 92 53 0 22 1 97 40 24 4 37 46 44 8 82 45 43 78 76 25 49 69 42 85 41 20 70 86 6 50 51 13 48 27 89 39 31 79 23 12 47 
176120,	119136,	15 80 50 29 81 30 20 49 44 9 53 10 5 63 25 40 35 87 99 58 42 14 79 75 22 34 11 23 47 33 64 57 3 48 43 45 69 37 52 55 1 83 96 6 27 7 41 21 19 78 82 85 16 39 93 17 2 67 38 66 24 95 77 68 92 32 91 18 74 89 84 61 36 12 65 71 90 94 8 60 4 59 56 46 88 86 13 97 98 73 28 51 62 54 31 0 70 76 72 26 
178008,	119628,	34 41 78 67 3 42 14 93 85 1 95 32 57 49 62 18 45 30 22 92 11 10 72 38 91 7 71 70 48 44 35 64 76 50 59 98 51 94 37 65 52 40 79 73 25 33 5 16 24 87 21 26 36 4 20 8 66 69 46 39 58 29 83 23 77 97 89 63 15 75 84 43 74 12 90 54 9 47 31 88 56 19 6 2 27 60 0 55 99 17 13 28 68 96 53 80 81 82 61 86 
180348,	118784,	19 44 15 80 69 94 84 11 2 57 67 99 90 23 26 4 65 18 12 55 39 30 16 82 70 77 33 45 64 91 66 86 76 78 3 60 43 97 96 46 72 13 7 68 34 74 63 41 32 14 35 24 71 6 42 9 25 22 56 83 5 92 73 98 47 17 10 81 31 62 49 93 87 95 48 89 28 53 88 37 29 79 38 58 0 51 85 59 1 52 8 54 27 61 75 50 21 40 36 20 
179604,	119744,	33 42 37 5 47 63 23 26 81 52 82 93 38 67 72 74 88 75 51 83 92 27 50 44 91 1 46 79 48 21 73 19 29 8 45 62 0 86 80 64 16 22 13 99 10 58 60 66 98 9 85 14 94 49 25 12 7 18 65 11 41 97 3 2 17 89 69 20 54 30 70 87 56 43 28 15 40 96 55 59 95 53 35 31 90 77 78 71 39 32 68 24 34 61 36 6 57 76 84 4 
178166,	118294,	89 48 3 71 1 45 40 18 26 4 43 66 77 23 2 5 74 58 44 56 7 95 78 75 47 90 53 96 94 98 15 17 41 34 37 28 32 68 27 24 81 70 87 72 55 39 61 54 69 12 97 79 52 16 29 49 42 59 83 64 93 13 80 19 85 86 6 46 50 92 10 35 9 88 63 0 51 25 30 21 65 38 62 60 14 8 22 33 73 99 36 67 76 84 11 82 31 91 57 20 
176350,	118724,	7 70 16 65 3 15 64 81 59 89 13 21 88 46 34 92 17 76 50 91 61 2 14 63 79 90 77 95 52 57 10 67 26 48 25 6 45 38 11 97 33 74 55 47 54 18 20 98 36 56 85 83 8 0 44 29 22 80 9 19 78 31 43 69 24 62 4 75 94 72 60 5 1 51 99 28 37 86 30 23 42 49 96 12 71 40 84 41 93 35 27 82 66 87 73 53 39 32 68 58 
176524,	119263,	36 39 59 43 12 63 57 54 1 85 95 84 68 80 69 79 98 62 23 4 27 11 78 74 58 15 67 60 0 76 29 3 8 9 47 40 20 86 53 17 73 24 22 46 70 88 91 92 49 7 48 87 38 77 2 37 56 50 5 6 28 30 96 52 21 55 71 10 45 18 44 51 83 75 16 81 32 66 82 34 26 14 61 93 90 33 99 94 31 89 72 97 42 64 19 13 35 25 65 41 
179188,	118872,	51 60 16 15 97 46 84 32 78 86 22 56 35 48 10 58 89 57 13 63 21 77 50 88 67 91 2 96 7 70 75 80 37 99 83 45 8 17 28 3 44 71 73 27 25 18 38 33 54 76 64 11 5 87 90 74 26 23 98 61 94 72 12 1 19 20 59 95 9 66 40 62 52 68 92 43 93 82 81 14 30 34 42 65 41 6 29 0 39 85 55 36 69 47 53 49 4 31 79 24 
177366,	119626,	88 52 41 34 40 98 46 94 93 48 69 58 35 92 13 11 84 1 96 20 86 66 6 62 73 31 79 49 53 32 76 81 10 95 91 18 54 43 2 17 37 59 78 47 29 74 7 60 63 97 27 61 5 36 75 42 25 51 56 8 22 3 16 19 4 39 65 55 21 67 45 33 9 64 68 57 70 72 44 50 28 99 12 83 30 71 23 90 15 77 0 82 38 87 24 26 85 14 80 89 
178410,	120051,	9 42 84 15 87 7 82 57 90 51 23 83 27 66 93 76 95 72 41 54 52 1 91 85 19 96 67 13 79 88 77 78 86 61 0 30 32 20 37 47 35 81 36 94 31 53 33 44 75 14 21 99 64 92 50 25 4 48 46 71 12 17 39 18 58 22 3 69 74 68 26 5 98 2 80 16 29 24 49 43 10 38 28 59 45 55 63 34 8 11 40 60 73 56 70 6 89 97 65 62 
178646,	119032,	54 73 62 1 57 47 26 99 81 58 12 93 97 20 9 56 72 78 85 96 79 24 10 29 46 80 95 38 77 41 45 6 60 0 42 33 17 87 64 22 36 21 76 53 71 68 49 11 75 8 91 52 83 51 74 84 63 27 2 94 14 69 67 55 61 90 32 30 66 70 31 16 86 44 5 50 28 15 3 92 43 65 88 37 18 48 4 82 13 39 19 23 40 35 7 59 34 98 89 25 
176166,	119555,	86 48 52 24 46 22 41 63 90 0 71 54 80 73 87 38 65 66 34 31 50 95 96 72 78 75 57 8 9 19 40 67 94 21 36 49 55 61 82 76 58 26 20 13 14 88 51 74 53 81 97 29 18 70 64 47 16 15 84 1 85 68 79 35 93 2 60 33 27 99 32 69 3 45 7 92 25 12 10 43 4 42 30 23 5 6 37 91 62 11 56 77 28 39 17 89 83 44 98 59 
178746,	113726,	92 16 33 17 65 13 87 88 97 55 36 90 93 74 96 57 85 71 47 70 75 62 28 69 37 50 52 67 77 1 32 68 61 45 26 18 31 59 46 72 3 41 86 4 81 14 98 54 66 23 38 48 53 0 58 19 83 95 22 78 99 5 12 7 21 76 15 34 10 8 64 80 79 42 56 6 63 49 51 24 20 84 2 30 40 27 39 94 25 44 82 43 11 29 35 60 9 73 89 91 
178910,	119575,	43 37 74 50 21 44 34 6 95 18 10 64 19 11 20 23 71 79 72 9 5 45 69 65 54 2 77 55 59 82 28 96 25 98 57 31 33 16 36 92 4 32 13 85 89 84 86 93 81 38 48 30 63 0 3 87 73 75 42 40 47 17 60 12 94 29 24 52 76 15 26 8 56 88 41 53 66 1 68 35 70 58 83 99 39 62 80 7 22 91 78 14 97 49 90 51 61 67 46 27 
181086,	118838,	35 43 77 39 48 64 68 23 0 62 55 99 44 71 46 28 89 65 74 22 24 47 5 20 27 30 81 14 38 91 25 75 34 7 50 82 36 13 6 33 52 12 8 93 18 78 92 59 41 51 3 67 88 26 76 61 49 90 11 80 60 94 63 96 98 42 73 40 37 16 57 95 53 66 54 2 19 45 29 70 87 17 1 86 15 84 9 69 21 83 79 58 4 10 31 56 72 32 97 85 
179814,	119622,	64 5 68 66 51 53 31 3 13 95 69 75 73 58 23 90 63 76 84 67 26 59 19 1 71 15 12 60 14 35 81 22 85 52 54 37 61 32 57 46 8 74 18 45 91 25 2 86 92 11 87 50 77 30 9 0 93 21 34 7 82 47 96 43 20 16 89 99 88 10 29 83 79 56 65 28 70 44 27 62 40 49 80 41 17 33 36 48 94 55 6 78 98 24 39 42 72 38 97 4 
180154,	119291,	1 64 49 69 43 58 28 0 80 54 53 66 57 8 87 24 13 84 27 68 30 92 73 25 42 5 82 71 35 83 38 3 50 12 98 59 81 62 56 63 79 36 72 70 29 21 91 23 52 10 31 77 86 4 16 78 40 45 7 9 2 32 33 11 89 44 47 67 60 26 99 34 48 61 75 15 93 94 65 96 17 88 39 85 20 90 37 95 41 51 74 22 97 18 76 55 46 19 14 6 
178346,	119523,	43 48 38 17 95 7 93 68 15 69 16 11 26 89 67 36 71 56 96 23 13 60 55 65 6 61 66 25 44 30 35 81 39 22 34 37 41 63 28 58 32 21 91 83 76 24 62 1 57 87 88 40 97 20 46 0 86 85 33 59 19 70 53 94 84 18 49 80 8 14 50 12 2 92 78 45 51 82 5 79 77 72 3 98 99 9 64 27 54 52 75 31 10 74 4 90 73 42 29 47 
178566,	119276,	45 14 98 72 87 86 74 60 35 80 2 95 94 25 20 84 26 81 40 79 78 92 91 67 15 44 5 12 37 28 56 8 32 52 49 53 93 54 6 63 41 9 50 90 97 24 82 64 58 99 42 38 85 22 30 55 1 89 71 77 3 43 7 10 19 29 31 18 48 59 17 23 39 13 47 57 66 62 88 36 34 69 0 83 46 65 73 11 16 75 96 51 68 21 70 76 27 4 33 61 
181428,	119210,	37 75 36 29 96 18 74 40 94 95 15 49 64 12 76 26 47 54 6 57 84 41 35 93 62 51 45 33 1 25 68 52 3 34 9 32 50 42 92 31 48 61 89 23 55 0 67 97 90 86 5 99 39 85 14 30 28 71 13 82 44 20 11 73 22 21 98 79 43 2 4 19 69 80 17 88 77 38 91 63 83 66 24 58 87 53 70 27 78 8 7 65 56 60 46 72 81 16 59 10 
180316,	119292,	26 56 32 37 91 34 2 30 65 93 58 69 60 50 27 90 14 3 76 38 22 23 10 44 24 6 35 95 59 86 20 68 80 36 87 0 4 21 96 85 15 62 82 48 33 71 54 16 8 74 92 75 39 18 1 9 7 47 55 79 53 73 25 41 43 17 98 46 12 63 88 31 51 11 67 19 81 29 13 66 77 61 52 49 28 40 70 5 64 99 72 45 89 57 83 42 84 94 78 97 
179198,	116240,	84 81 15 92 64 67 22 14 35 21 27 53 66 26 48 17 70 9 50 0 10 3 44 34 33 63 30 97 86 6 55 18 91 11 62 61 38 25 31 7 76 4 72 52 47 94 20 96 88 77 83 93 5 12 59 78 89 98 46 28 51 69 75 19 39 23 36 40 90 43 24 73 71 74 99 82 57 95 85 16 49 60 56 68 29 41 2 37 80 1 42 54 32 87 8 45 58 65 79 13 
178330,	119618,	49 40 14 51 3 43 34 61 78 25 29 38 32 76 18 70 59 98 4 16 57 97 46 99 96 26 83 72 92 9 73 69 91 24 39 21 82 62 1 52 64 37 66 44 5 60 93 54 65 0 8 11 94 95 12 2 6 7 27 17 80 47 74 42 15 50 55 58 85 20 45 41 31 88 19 53 48 77 13 22 63 56 79 10 36 28 35 81 71 67 23 33 87 84 90 68 89 30 75 86 
177196,	118070,	17 44 51 81 40 42 91 19 73 94 92 53 25 43 54 52 57 18 0 75 77 2 5 27 58 82 83 31 97 78 74 20 95 4 64 39 68 33 37 86 15 62 1 9 56 11 7 8 21 96 55 22 70 34 28 76 93 48 59 16 47 85 88 84 38 46 23 35 14 45 50 67 3 60 72 99 71 41 63 69 89 87 36 49 90 26 80 12 98 66 32 79 65 13 30 6 61 10 29 24 
177792,	119445,	14 83 80 51 28 26 86 18 65 19 11 72 21 31 13 38 36 97 57 46 64 25 77 91 27 34 92 7 40 60 45 39 55 70 48 95 23 30 63 75 43 9 5 8 59 93 42 69 89 10 49 47 3 1 67 62 22 35 73 88 15 50 76 44 16 29 17 71 37 90 58 54 20 85 94 61 78 52 99 79 2 4 74 98 84 12 82 56 24 87 33 32 96 0 6 68 53 41 66 81 
176654,	118939,	96 67 83 32 2 5 54 80 17 53 20 35 11 92 3 33 70 24 71 22 79 16 18 21 55 14 62 95 88 58 6 99 81 86 28 69 93 37 60 73 26 38 0 91 74 64 76 97 13 36 15 1 90 8 84 57 27 12 63 19 59 45 47 49 98 25 48 50 94 52 72 51 82 9 41 56 44 31 66 89 43 10 61 30 85 75 29 34 39 87 46 65 7 40 77 23 78 68 4 42 
180352,	119171,	83 88 21 84 10 92 49 74 59 47 11 5 57 51 17 26 45 68 2 53 25 58 14 36 97 54 66 81 91 55 7 1 16 78 85 4 48 77 9 32 64 73 42 76 0 12 86 99 35 23 72 94 13 28 43 82 3 31 41 50 22 8 75 39 87 29 34 63 69 60 80 46 96 38 56 33 95 79 93 90 19 27 18 61 30 62 20 89 24 15 52 71 98 37 40 44 6 67 65 70 
177732,	120211,	17 18 46 54 90 33 32 56 12 25 19 14 93 98 3 91 23 82 84 99 92 7 80 76 77 21 69 13 75 70 9 72 52 31 35 11 26 51 79 97 45 53 30 40 39 1 41 62 5 6 64 28 55 68 66 61 20 96 85 29 16 37 49 60 43 48 94 57 36 73 89 63 95 78 0 22 15 59 58 2 71 8 38 42 81 44 86 88 74 83 47 87 27 4 24 50 10 67 65 34 
176984,	118051,	68 26 80 95 3 19 54 28 97 36 41 34 66 94 43 11 9 2 47 90 12 91 24 98 74 92 45 67 59 14 52 21 63 4 20 35 56 73 37 93 77 25 87 83 71 7 22 62 89 38 27 78 79 70 0 46 86 13 72 10 23 60 84 61 1 30 44 85 48 39 76 96 88 40 18 55 82 32 58 5 15 16 64 65 50 17 8 6 69 53 49 75 31 29 33 57 42 99 81 51 
179466,	117255,	26 41 54 73 68 63 3 32 5 53 24 91 71 59 51 75 20 99 96 92 56 16 27 15 81 76 18 82 45 40 48 87 42 0 67 70 28 88 50 93 72 46 29 90 62 95 1 43 23 21 78 33 55 38 79 64 44 52 58 22 35 89 61 97 8 49 12 17 2 84 6 36 11 31 13 60 7 86 57 80 98 34 47 39 4 66 69 83 25 85 10 19 14 65 74 37 9 77 94 30 
181076,	118028,	63 54 74 81 20 23 32 97 86 78 75 46 0 5 27 31 65 88 66 91 77 51 92 79 50 25 29 94 7 80 14 96 44 39 4 35 90 56 95 47 3 52 82 93 49 2 17 36 33 89 19 99 8 48 53 13 28 98 22 15 58 16 1 37 69 61 26 83 62 40 6 87 70 60 30 11 34 76 24 9 42 72 12 68 59 18 64 21 84 73 41 85 10 55 38 57 71 45 67 43 
178764,	119650,	35 16 3 92 65 56 71 97 96 26 6 44 22 83 51 59 5 25 72 18 66 7 70 76 46 94 43 29 89 39 52 63 54 2 58 33 30 47 81 9 10 34 31 49 36 79 95 87 86 50 15 20 77 48 41 24 17 32 13 23 0 88 91 99 11 4 38 73 1 45 68 82 64 53 21 8 60 78 62 98 90 69 85 37 42 57 80 93 27 55 19 75 12 28 74 40 67 61 14 84 
179066,	119637,	55 91 61 92 66 43 13 67 96 51 52 39 22 0 8 73 37 14 77 12 21 29 47 46 64 28 32 83 75 90 17 74 2 84 94 7 9 40 5 68 57 41 16 48 3 79 89 27 60 26 36 59 56 50 98 99 70 65 78 45 88 97 4 24 1 20 49 34 53 33 35 44 19 86 76 93 63 95 15 58 31 69 10 6 80 23 54 11 25 18 62 81 42 38 71 30 85 87 82 72 
179186,	119573,	7 42 50 62 83 20 87 72 74 48 31 24 34 38 98 26 54 40 15 47 33 88 5 36 17 75 91 84 76 12 45 97 70 65 51 21 80 71 89 49 57 68 85 79 4 66 32 19 67 78 30 9 13 52 27 46 43 6 55 93 41 73 1 81 37 60 18 69 35 2 16 25 95 56 90 82 59 58 29 14 8 63 86 28 22 11 92 53 10 99 64 3 94 96 39 61 0 44 77 23 
179428,	119619,	75 40 18 47 43 59 17 57 77 6 95 67 66 58 56 10 65 82 38 1 11 26 27 32 9 72 4 42 22 96 60 37 12 61 62 70 90 88 71 25 79 30 54 99 48 29 93 98 31 53 91 87 63 36 45 74 24 14 73 68 23 15 94 13 52 5 19 83 16 49 55 39 50 20 69 34 64 85 76 2 35 84 8 21 28 44 80 86 0 46 33 7 78 89 81 41 97 3 51 92 
177250,	118672,	86 83 43 5 6 7 49 38 10 94 30 68 74 19 56 18 62 91 61 11 12 88 87 90 20 60 21 71 63 85 54 81 52 75 32 82 65 46 9 37 31 3 22 39 58 98 24 64 48 35 51 44 2 73 42 78 36 33 92 28 70 67 29 15 34 84 57 8 45 96 17 53 77 27 66 89 41 13 55 47 99 79 59 23 76 72 93 40 14 69 26 95 97 80 50 1 4 25 16 0 
177060,	119476,	59 83 18 32 60 36 80 4 28 10 1 13 3 31 17 0 6 27 64 38 90 25 82 35 46 53 23 34 16 54 37 56 8 14 15 96 11 70 76 88 21 84 97 91 47 12 63 71 86 74 89 50 57 62 40 43 51 49 85 24 29 99 19 93 69 20 45 66 67 81 73 77 7 39 48 33 41 98 75 95 58 94 52 44 68 79 42 2 65 78 87 5 9 22 30 92 26 61 72 55 
179040,	118534,	66 97 0 2 73 4 35 53 34 28 81 25 6 17 77 94 86 99 83 71 70 11 50 3 49 43 69 40 42 20 33 82 47 84 51 36 65 46 57 67 54 52 5 39 80 18 95 21 15 22 87 55 41 88 76 90 72 27 19 58 63 23 75 32 79 62 85 78 56 61 64 16 29 89 96 10 1 93 48 12 9 74 59 7 92 68 26 13 30 8 60 31 44 38 37 24 98 14 91 45 
178794,	118595,	36 85 59 2 69 41 57 12 11 46 84 24 7 38 48 91 26 43 14 70 65 83 45 54 35 68 72 86 82 99 71 75 52 47 37 60 55 95 94 40 30 98 28 18 49 73 0 51 89 39 15 90 29 4 87 9 10 62 80 5 56 66 78 13 19 32 63 1 88 81 92 96 74 6 79 22 42 77 31 23 34 64 44 27 20 25 50 8 93 3 67 58 53 33 61 97 16 17 76 21 
178874,	119240,	66 31 26 63 87 3 38 75 42 78 49 13 27 55 65 29 76 72 60 88 54 39 32 8 11 0 56 99 68 73 34 53 61 37 9 6 84 92 64 36 80 33 58 20 85 69 1 44 17 83 51 48 59 25 67 82 93 90 81 2 77 98 16 46 70 86 22 57 47 62 40 30 97 96 94 21 45 7 41 24 28 52 23 91 79 4 15 5 89 71 35 95 10 18 74 12 14 50 43 19 
178488,	119425,	56 39 33 46 77 53 72 32 10 27 84 45 95 8 11 51 67 17 13 18 29 73 48 90 30 6 58 57 24 41 0 7 4 70 26 68 3 19 52 42 16 15 69 50 99 44 54 91 2 76 89 98 47 14 25 5 65 1 9 85 49 20 86 35 55 62 88 37 79 92 22 34 12 94 96 82 97 40 61 59 38 74 43 60 21 23 93 71 36 80 75 87 66 31 63 83 64 78 81 28 
177918,	119302,	33 18 32 83 77 0 72 63 50 70 68 86 75 52 97 84 88 71 42 74 25 39 29 60 49 10 92 11 31 9 73 26 91 69 89 3 66 76 36 62 23 80 8 38 44 5 85 65 2 41 99 54 57 90 95 13 24 1 43 27 7 58 35 34 16 22 12 17 59 82 4 67 6 20 61 28 14 19 21 40 64 56 15 98 47 48 53 45 96 46 79 93 30 94 55 51 81 87 78 37 
178094,	119058,	76 3 48 26 88 61 45 83 27 67 5 65 64 33 37 75 72 7 98 12 79 70 9 1 24 10 56 40 38 86 63 97 32 57 0 8 44 53 15 25 36 23 2 6 62 69 84 39 91 11 51 68 93 46 77 29 52 54 30 55 14 85 74 21 78 42 16 71 18 17 28 66 49 87 95 99 35 22 60 58 19 96 89 94 13 47 59 92 4 50 41 73 43 81 31 90 20 82 34 80 
178720,	119652,	55 66 3 28 12 83 11 77 97 34 74 92 73 16 8 37 52 44 25 86 38 51 9 29 79 71 87 46 43 45 69 30 4 81 93 22 88 91 94 61 50 32 70 68 39 62 40 85 13 56 41 47 26 0 35 17 96 59 67 82 20 65 27 19 89 48 75 31 95 5 72 36 21 23 53 15 54 7 1 6 2 14 60 98 76 80 57 18 84 58 42 33 49 64 78 90 10 99 24 63 
179322,	118845,	35 98 38 28 42 46 14 11 17 25 41 4 12 52 58 80 87 1 61 95 57 79 26 51 73 6 60 97 92 44 31 71 55 34 9 65 96 86 24 53 66 72 47 19 85 88 0 27 18 63 23 70 84 81 49 75 29 33 50 77 59 20 91 94 89 21 74 56 83 48 45 3 62 78 39 40 82 36 68 99 32 10 22 5 43 37 2 8 13 54 7 93 69 90 76 15 16 64 30 67 
178862,	118888,	75 94 49 50 97 53 0 12 54 9 36 11 88 37 16 34 93 17 60 81 92 39 24 6 87 74 67 1 25 31 18 95 63 82 29 48 78 72 57 99 77 30 45 86 68 5 33 51 27 4 85 46 70 69 59 28 47 19 66 84 71 56 10 32 73 8 43 15 96 79 76 65 2 35 62 64 89 83 90 44 61 26 40 98 21 52 13 55 38 3 20 42 80 23 41 14 58 91 7 22 
179948,	119038,	13 35 60 93 4 8 70 98 10 45 94 66 28 19 0 92 1 47 50 9 77 25 27 65 43 57 20 62 51 68 17 21 56 11 31 67 37 80 76 26 63 59 12 89 95 53 48 23 14 38 5 41 39 96 86 30 22 16 64 84 85 46 72 24 44 73 7 79 74 75 87 2 55 3 54 99 69 88 90 32 18 83 49 40 97 78 42 71 33 29 82 58 61 6 81 34 91 15 52 36 
176960,	119903,	45 82 8 29 4 22 25 73 6 95 15 70 14 76 47 1 43 18 30 72 23 5 90 11 75 71 46 94 74 33 79 80 63 65 3 42 21 50 31 9 81 2 35 57 58 56 26 97 99 77 36 24 39 60 49 52 20 38 44 48 67 64 84 19 62 93 32 51 41 78 68 16 98 88 27 10 69 28 37 0 96 91 34 40 87 54 89 66 17 7 12 83 61 85 55 59 53 13 92 86 
178446,	119201,	66 25 79 50 92 44 94 51 32 7 45 62 38 19 84 18 85 29 87 12 35 11 54 88 13 64 67 20 28 14 63 55 40 0 10 23 96 71 1 57 49 31 33 70 27 81 47 26 37 4 73 17 91 9 52 60 74 93 53 72 41 34 83 90 21 78 16 46 95 42 98 56 30 3 22 8 82 97 89 15 59 86 68 5 69 99 39 43 58 2 24 80 36 48 77 75 61 6 65 76 
178534,	116704,	30 39 78 23 40 84 26 29 93 66 50 79 10 21 41 71 8 72 22 98 88 95 18 42 34 65 13 47 43 58 52 61 24 49 46 89 70 3 38 90 68 33 2 85 54 64 74 37 15 92 14 96 17 94 57 31 53 36 7 81 82 83 35 69 51 56 63 48 5 9 55 12 11 28 67 99 25 1 27 0 97 45 86 76 91 80 73 32 60 44 20 77 16 62 19 75 59 4 87 6 
183572,	119585,	93 45 57 38 50 22 31 13 65 44 70 85 37 16 53 79 6 42 27 94 63 40 91 86 90 97 84 81 67 43 0 73 78 41 23 19 58 68 83 20 35 92 26 11 33 34 80 60 88 3 99 62 59 95 55 56 17 4 21 25 28 77 76 87 46 2 89 82 5 24 1 98 15 69 72 48 10 14 75 54 9 7 64 51 29 32 71 61 66 49 52 8 36 74 39 12 47 18 96 30 
178966,	117942,	85 84 11 31 39 93 54 58 79 98 65 4 51 20 59 52 81 8 3 17 73 56 9 25 63 10 40 48 36 47 77 29 87 43 27 34 97 35 7 21 88 32 44 55 49 5 42 24 64 15 18 2 82 86 60 16 80 76 13 30 89 41 37 46 90 28 45 70 69 33 1 83 23 72 96 92 61 14 99 38 66 75 0 91 74 71 94 67 57 50 6 12 95 26 78 68 22 62 53 19 
177390,	119386,	1 91 92 35 18 66 23 46 14 62 73 32 24 25 40 47 42 75 57 5 78 72 48 68 50 37 9 59 4 39 56 2 51 8 76 10 34 31 55 22 3 21 29 96 52 61 20 60 36 71 54 17 74 85 82 45 28 43 70 33 12 41 13 16 64 27 95 86 87 93 6 7 90 44 69 79 89 19 99 67 63 88 97 15 77 49 84 30 65 0 83 38 58 80 11 98 94 81 26 53 
178234,	118298,	0 40 3 61 99 20 39 92 24 83 74 29 46 37 25 41 14 28 66 34 33 6 52 27 31 56 58 38 93 50 53 88 26 42 30 16 12 45 62 68 32 18 5 54 7 21 76 17 77 79 72 84 78 71 51 57 60 64 91 73 96 89 43 48 98 22 75 81 80 90 95 94 82 8 87 47 59 11 69 23 1 97 70 44 55 63 15 35 36 19 86 67 9 4 10 49 2 13 65 85 
178786,	119442,	95 12 2 90 76 99 58 39 98 71 18 22 14 51 43 74 57 62 40 0 20 53 50 89 6 15 81 25 97 87 26 96 63 77 11 80 60 68 3 42 30 28 38 48 9 52 23 41 86 67 92 93 32 72 61 94 78 70 91 33 55 34 82 19 84 66 46 8 1 21 54 36 13 83 29 35 69 47 85 5 17 37 59 45 7 75 16 24 56 73 44 10 65 64 31 4 79 88 49 27 
178318,	118711,	89 7 47 41 46 35 90 74 0 77 92 82 64 50 26 51 81 75 49 54 88 36 83 29 80 99 18 4 39 84 9 15 53 94 21 16 44 25 20 31 95 86 96 70 22 98 40 37 85 91 61 71 93 52 78 10 60 79 48 63 8 57 56 59 73 66 68 23 33 24 5 45 76 11 12 19 3 58 13 32 30 43 14 17 97 1 38 28 67 55 42 6 2 72 87 65 69 27 34 62 
179686,	118717,	15 92 9 63 96 19 46 40 74 97 24 2 21 42 3 26 90 95 83 44 84 11 45 47 80 98 72 62 61 51 14 68 12 38 35 53 32 64 77 30 54 18 34 29 52 41 78 73 22 36 4 93 85 50 86 37 91 99 60 48 94 65 1 6 17 55 87 25 5 43 39 89 59 28 8 20 70 13 75 88 82 66 16 49 33 69 67 56 76 27 57 58 10 81 0 71 23 7 79 31 
179808,	119476,	94 5 2 36 99 66 96 29 11 49 92 6 81 97 30 52 73 16 58 57 15 0 44 12 19 68 54 83 45 78 37 41 39 95 25 86 3 70 24 90 31 72 38 67 33 17 34 43 48 88 71 14 47 74 63 76 82 93 64 75 1 10 4 28 22 32 85 56 80 35 27 62 20 42 18 55 21 51 98 7 53 13 23 69 26 46 89 79 87 50 91 40 59 77 84 65 60 9 8 61 
178888,	118163,	30 12 32 40 53 55 6 47 17 49 8 18 73 38 35 48 57 39 65 0 76 46 88 96 4 90 31 44 77 52 74 89 91 34 50 69 20 27 75 10 64 99 21 60 45 3 1 14 63 19 37 98 5 68 80 79 97 41 7 62 16 13 26 25 82 28 36 92 43 42 24 84 2 83 29 94 66 95 51 54 72 61 87 78 23 59 22 81 56 93 58 33 86 70 85 15 11 71 67 9 
178002,	119072,	68 18 48 32 54 60 13 22 57 3 81 95 36 6 97 70 42 29 14 52 33 7 91 46 49 41 59 12 20 82 16 83 28 1 40 73 78 5 31 86 17 62 69 76 23 56 4 85 67 77 0 15 87 89 27 38 19 21 72 50 88 39 44 26 74 63 24 45 80 71 84 11 93 58 92 37 65 79 53 47 96 25 8 30 2 10 99 94 43 64 75 51 61 34 55 35 90 66 9 98 
179034,	119372,	57 74 53 54 37 6 29 20 34 30 55 72 43 61 33 24 48 50 26 11 52 8 12 28 82 67 96 36 73 38 56 84 62 23 47 15 3 42 76 89 81 71 25 90 83 51 80 13 66 49 21 9 0 69 91 63 97 22 35 46 16 5 18 40 31 17 2 60 86 19 85 1 79 4 88 44 98 65 64 78 94 41 7 95 75 59 27 93 58 14 87 32 70 77 39 10 99 68 45 92 
181750,	118784,	36 77 50 97 45 72 57 12 1 83 10 60 65 53 95 67 84 34 55 39 9 4 89 17 99 44 90 85 26 16 7 58 92 64 14 80 32 76 71 81 21 91 15 87 47 18 31 25 46 33 51 88 43 49 6 24 42 3 68 61 78 37 38 56 98 23 69 62 13 82 22 93 52 94 79 70 63 0 30 40 73 96 74 86 48 66 28 59 29 41 19 54 20 11 75 8 35 27 2 5 
178328,	119458,	52 96 20 41 34 19 72 62 3 50 91 45 75 65 2 18 32 22 5 83 10 43 13 53 69 93 24 84 86 15 56 73 51 26 55 40 48 1 49 61 71 9 54 95 44 74 6 12 81 82 27 11 23 78 92 39 8 7 35 0 79 58 28 30 90 36 47 94 46 59 38 25 97 89 80 17 63 57 29 88 76 37 31 4 98 21 60 66 68 16 85 14 77 64 99 70 42 67 33 87 
177416,	118952,	16 43 36 89 88 14 15 49 94 55 52 70 10 74 95 11 90 34 66 28 54 6 9 51 69 96 63 18 38 40 98 1 44 19 20 29 27 35 82 2 76 67 32 33 77 42 31 87 39 46 73 62 21 64 24 78 60 97 75 22 99 7 86 57 91 84 58 47 30 26 41 83 85 5 8 72 12 3 79 37 93 81 61 68 45 59 65 92 23 50 13 25 17 48 71 0 53 56 80 4 
178382,	120107,	90 64 25 51 12 79 11 56 22 72 0 31 69 21 10 49 17 42 8 13 55 1 95 19 71 43 74 59 7 80 98 16 83 84 37 50 14 33 26 63 46 32 52 18 91 78 27 3 61 45 5 62 24 6 82 54 23 60 70 36 35 76 92 58 77 40 66 44 39 2 85 87 68 20 41 15 47 57 4 34 73 94 65 29 38 67 93 30 96 81 89 9 28 88 75 99 97 48 53 86 
178234,	118490,	1 45 92 91 73 65 55 96 86 22 43 6 26 77 74 54 84 58 46 76 8 47 14 89 10 21 30 98 64 82 67 28 38 12 53 15 35 81 39 2 44 80 97 83 32 0 37 36 75 94 33 99 18 41 29 13 51 24 95 20 72 78 62 11 4 7 19 69 61 79 3 63 40 87 85 27 60 9 42 68 88 25 70 59 17 52 90 31 16 71 57 66 50 5 93 48 34 49 23 56 
175732,	119031,	52 71 81 59 73 38 58 10 47 53 2 75 78 80 30 6 55 56 16 33 66 62 11 31 13 94 91 90 19 27 92 35 26 50 86 29 18 85 5 70 15 8 7 79 49 32 57 3 23 88 41 89 63 25 37 48 99 74 17 14 28 44 39 84 51 42 67 9 1 22 87 46 98 24 72 76 21 54 68 0 61 4 45 83 20 97 95 65 64 82 36 34 60 77 40 12 93 69 96 43 
179190,	119995,	42 2 71 92 58 75 93 25 9 73 3 29 91 43 46 31 78 97 50 70 20 90 64 77 22 11 14 24 15 0 95 47 39 32 85 57 87 48 96 81 1 40 4 45 80 41 88 74 89 51 26 61 36 27 38 66 83 82 16 98 68 44 13 5 18 69 23 76 49 79 34 99 84 59 21 12 56 86 72 37 7 28 63 62 6 19 35 10 55 65 54 53 67 30 52 8 17 60 33 94 
177580,	119026,	83 30 10 42 26 31 76 89 13 94 99 67 21 5 57 95 19 49 6 73 29 20 11 72 90 52 36 33 82 98 8 75 64 63 35 91 41 17 80 77 56 23 53 62 97 39 24 48 14 38 65 84 45 34 43 37 7 16 47 59 58 50 46 54 78 1 4 15 93 66 18 61 22 69 70 96 55 0 60 27 87 28 40 92 86 71 3 12 44 51 74 68 9 2 85 25 88 79 32 81 
180092,	119667,	86 99 9 59 82 34 94 61 8 81 76 63 4 56 98 85 20 33 66 42 55 65 64 15 47 60 52 29 80 7 50 70 95 37 38 73 22 58 23 43 77 21 30 62 2 41 57 36 75 74 67 68 6 93 28 5 25 69 18 53 96 78 19 39 1 27 26 24 88 32 14 40 35 11 54 71 97 72 16 46 79 87 17 3 10 48 91 45 83 89 12 13 44 31 92 84 90 51 0 49 
178310,	117344,	80 26 35 30 81 25 73 6 54 69 71 94 64 63 34 62 38 55 60 28 92 13 75 43 58 99 90 44 15 66 46 9 84 39 68 42 37 87 14 70 51 18 76 31 12 67 32 65 1 36 96 79 19 49 77 53 50 33 95 4 0 86 24 20 29 21 85 74 22 47 93 78 7 88 83 5 16 57 97 41 61 91 17 89 52 56 82 27 98 3 48 45 40 2 11 23 72 8 10 59 
177126,	119834,	83 94 9 86 87 40 35 37 67 46 59 11 8 76 6 60 25 99 81 84 33 13 56 82 51 3 41 48 18 58 14 54 57 22 62 19 7 78 20 1 38 69 44 32 90 89 98 30 50 96 55 77 28 36 91 47 27 12 68 39 53 93 88 45 74 97 21 66 0 73 31 10 29 24 16 70 15 61 2 43 23 49 4 34 71 17 95 80 72 42 52 79 85 5 75 64 26 63 65 92 
178744,	116220,	0 49 19 72 54 44 27 74 3 80 40 71 23 75 95 39 96 2 58 69 90 16 36 88 97 98 67 14 81 61 64 79 62 34 45 52 42 86 24 57 50 53 92 82 48 87 20 38 25 30 91 51 84 13 22 60 76 12 32 18 33 26 37 9 47 68 41 56 31 11 59 28 35 17 21 66 5 46 93 73 89 6 70 99 8 85 29 63 83 1 55 94 10 65 77 7 43 15 4 78 
178360,	119934,	77 46 34 76 15 13 85 82 9 32 27 28 86 96 88 52 6 48 36 10 89 65 58 29 18 63 1 43 31 23 98 70 11 39 0 54 16 91 60 55 3 94 17 56 42 2 53 73 8 67 33 50 4 47 61 69 84 51 78 41 26 45 44 25 87 81 5 14 35 93 12 57 24 83 72 80 38 19 92 64 20 99 7 75 49 90 22 95 71 40 68 21 66 74 79 37 97 59 30 62 
178300,	119408,	38 15 25 45 50 75 63 53 80 93 96 2 71 85 51 0 92 27 23 64 21 16 83 56 22 88 91 95 7 20 29 99 36 77 48 19 39 54 47 31 86 12 74 42 35 41 14 24 46 5 87 49 59 78 17 90 84 57 65 10 98 69 81 68 66 97 8 43 34 72 79 32 73 37 70 18 4 26 30 62 67 61 94 82 6 28 58 11 9 44 89 40 76 60 33 55 52 3 13 1 
176166,	117437,	9 48 6 79 54 37 30 1 29 55 53 73 70 2 96 83 39 69 74 78 38 21 47 93 60 51 5 62 25 14 20 86 94 0 13 32 3 27 4 63 28 15 80 18 26 7 97 19 98 81 11 68 33 99 84 40 41 56 45 23 88 8 17 66 75 24 65 67 46 22 36 50 16 77 89 76 52 91 12 90 43 64 31 10 82 95 35 61 72 92 85 42 71 44 87 59 58 49 57 34 
180494,	119428,	95 99 87 43 76 97 28 3 52 39 66 53 32 36 49 7 51 65 6 1 91 13 81 72 45 96 61 57 14 55 80 26 82 29 77 20 34 15 30 63 90 23 5 68 31 46 37 40 48 85 18 69 22 42 44 75 83 8 89 9 50 19 98 88 56 24 74 11 78 64 17 79 33 62 94 0 21 2 54 10 60 27 58 73 93 12 70 86 35 38 59 84 71 16 25 4 92 47 41 67 
181876,	119067,	49 85 67 14 39 56 94 13 65 57 59 48 95 99 3 31 26 38 54 19 46 58 80 62 35 40 83 29 15 30 66 63 91 24 43 8 21 50 98 17 22 72 52 87 79 47 44 77 76 70 78 92 10 34 6 41 42 64 96 93 37 73 16 12 27 69 20 23 28 53 1 61 4 90 7 32 97 86 88 71 55 81 33 89 82 9 51 84 74 45 25 0 5 75 18 2 36 60 68 11 
176052,	119437,	90 6 65 50 49 81 94 27 96 86 26 43 47 11 53 37 2 41 21 95 66 14 67 71 40 1 91 80 97 34 16 12 0 88 24 44 98 55 17 78 92 39 31 75 33 45 51 54 56 28 4 73 68 87 8 70 13 18 74 63 19 48 69 83 35 22 59 85 60 93 52 5 20 99 10 30 89 38 15 64 9 72 42 3 46 79 32 36 25 76 57 58 84 7 61 82 29 23 62 77 
178064,	118979,	23 91 67 79 51 90 64 53 88 9 86 7 3 63 89 28 31 87 39 46 54 82 22 68 70 45 6 56 27 49 73 25 42 38 41 35 52 77 47 5 40 74 98 17 93 20 60 78 21 71 81 29 83 76 66 43 19 10 13 92 24 36 69 58 14 75 95 84 12 96 26 59 50 2 99 80 57 15 85 61 33 48 34 16 4 97 18 55 65 37 30 44 62 94 1 8 11 72 0 32 
180624,	119271,	4 76 11 13 65 8 34 98 45 96 81 20 92 31 84 42 78 41 48 51 22 82 58 33 68 2 86 53 38 37 77 19 62 35 26 40 52 3 89 75 57 69 79 90 71 0 91 70 95 74 39 59 93 47 49 23 12 50 9 87 73 32 80 10 36 43 94 56 24 97 44 66 15 7 17 28 60 67 14 30 55 5 6 88 46 63 27 85 83 61 25 21 16 64 1 18 54 99 29 72 
179414,	120097,	98 42 31 12 68 54 41 20 39 37 71 34 50 78 92 83 79 8 59 63 91 11 85 0 51 62 24 16 97 69 21 33 77 22 72 43 87 61 80 75 14 19 82 57 32 5 18 94 93 27 76 60 2 49 13 90 88 17 30 53 64 6 96 74 45 3 56 73 23 4 55 58 38 44 1 89 47 36 7 95 10 25 29 84 35 65 99 52 40 46 67 28 15 81 70 48 26 66 86 9 
177488,	118590,	79 38 3 59 84 48 26 61 40 91 78 33 13 31 64 6 67 70 10 22 96 92 47 28 20 53 88 29 54 23 24 95 85 56 75 81 77 73 90 14 51 68 46 30 83 7 32 82 37 98 15 52 93 65 0 36 60 5 44 89 16 49 1 35 21 50 63 27 74 80 94 9 76 97 72 12 41 18 86 39 2 8 55 11 57 69 66 19 25 87 99 71 4 45 58 17 42 62 43 34 
176768,	119490,	28 46 24 97 23 14 78 35 17 67 77 93 61 95 59 86 90 84 15 64 96 75 71 39 87 27 7 62 16 3 4 48 76 47 6 88 74 2 0 20 79 37 51 22 5 50 1 60 68 36 26 12 31 54 99 29 58 34 80 8 83 13 33 69 66 89 91 10 41 19 70 52 11 63 45 40 18 53 49 81 92 43 72 57 82 55 38 65 85 30 73 9 21 98 32 94 42 25 44 56 
179868,	118741,	17 32 24 29 97 62 13 74 91 63 9 35 93 38 54 11 71 76 87 57 85 98 58 80 18 53 72 2 20 48 10 84 94 73 42 25 33 89 16 0 34 82 61 92 4 41 88 3 22 96 81 43 30 44 68 28 86 49 69 78 60 6 70 67 77 19 14 90 31 27 40 79 12 26 52 46 23 7 47 83 99 50 36 15 39 65 1 64 21 56 66 75 95 37 55 45 51 8 5 59 
177662,	119225,	32 22 17 14 94 61 59 0 38 50 42 37 1 7 41 60 27 12 86 30 43 47 90 72 55 28 75 58 93 67 34 62 18 69 91 76 11 78 95 98 80 2 25 99 81 53 83 44 68 88 31 89 15 20 64 77 39 33 82 51 24 74 84 13 79 8 46 21 71 23 85 40 54 19 29 9 97 36 57 48 92 73 6 3 49 16 65 35 63 70 66 45 87 96 56 52 5 4 10 26 
178362,	119288,	91 83 17 85 70 92 39 48 2 62 20 99 57 6 64 96 23 82 27 90 53 55 42 44 15 26 10 65 12 51 45 16 49 28 40 75 0 58 59 25 47 67 18 31 22 4 34 80 41 66 5 79 14 50 35 71 33 38 24 52 7 46 68 43 81 84 9 29 8 86 54 98 30 95 56 1 36 88 73 11 21 77 93 13 19 69 97 74 61 94 60 72 37 89 63 78 76 87 3 32 
175756,	119300,	68 40 86 31 61 45 64 56 63 0 10 25 59 34 90 32 29 82 75 89 70 37 13 33 53 91 73 83 43 7 44 17 28 21 87 14 18 15 84 16 12 85 6 30 46 49 95 72 97 94 57 74 5 8 9 48 96 71 23 98 27 79 58 99 55 1 67 50 60 77 54 92 20 2 26 78 65 22 76 51 24 35 62 47 3 69 42 11 66 88 80 93 38 4 41 36 39 81 52 19 
179396,	119051,	47 30 77 56 60 82 59 32 50 28 72 14 81 51 62 46 8 68 64 12 40 43 16 48 1 41 13 24 99 91 89 21 5 38 87 42 55 85 67 45 86 71 70 4 54 69 3 18 10 84 57 29 15 73 52 39 34 33 9 37 27 93 25 96 97 26 35 2 36 20 90 95 78 74 98 7 75 58 0 76 79 23 94 11 44 92 17 83 65 19 66 80 88 61 31 6 22 53 63 49 
178070,	118085,	42 74 32 10 22 14 61 98 88 58 36 97 82 66 63 46 59 62 53 37 89 25 12 54 4 51 31 33 78 72 35 47 29 7 38 9 44 95 17 48 80 90 64 99 20 40 71 8 81 83 70 0 16 18 55 34 87 56 57 92 50 21 68 6 67 19 30 75 49 93 86 24 94 91 3 79 69 26 96 85 27 52 39 84 43 11 41 76 5 23 77 13 28 15 60 2 73 65 45 1 
181212,	119340,	8 96 7 68 63 59 18 30 17 34 86 56 47 32 4 61 40 73 70 55 45 27 25 49 77 9 24 29 23 91 15 71 99 48 44 46 26 12 90 69 95 58 10 2 0 64 35 28 52 74 85 57 53 66 92 36 93 54 65 89 37 42 39 38 13 3 5 76 11 16 79 75 72 1 41 51 62 33 67 60 50 80 83 97 14 88 21 6 22 43 82 31 94 81 19 84 98 87 78 20 
178276,	116168,	63 62 30 46 10 48 97 47 95 75 37 39 8 96 6 13 83 80 64 50 33 23 15 35 43 56 42 65 49 21 7 90 31 18 40 14 32 60 51 54 86 36 24 17 27 34 20 16 38 52 0 26 59 72 29 55 58 61 74 57 53 45 92 41 89 98 70 5 2 22 76 82 9 78 85 1 79 93 28 67 66 68 73 84 69 94 71 77 11 91 4 12 19 87 44 99 3 25 88 81 
177770,	118997,	28 14 63 70 77 92 17 87 18 33 90 8 86 95 82 6 64 51 35 7 98 73 4 65 25 88 30 10 9 80 75 45 31 41 44 59 67 99 46 19 97 83 3 15 12 37 21 69 96 32 74 93 72 81 85 13 62 56 43 78 0 1 79 23 24 38 71 91 42 26 89 34 36 40 50 22 48 49 11 53 39 16 27 55 84 94 52 57 2 66 60 61 29 47 68 58 54 20 5 76 
178346,	119620,	69 52 16 12 75 56 60 54 49 0 18 97 31 79 1 47 19 46 93 65 3 41 35 57 42 32 34 8 89 43 4 67 45 38 78 70 15 82 91 39 88 23 96 30 81 13 63 48 76 73 33 28 72 5 77 44 21 10 86 87 99 11 83 66 71 98 36 74 29 95 9 61 85 27 62 68 94 84 53 24 90 7 50 2 80 14 92 51 64 20 37 58 40 22 6 17 59 25 26 55 
178460,	119268,	12 13 85 89 26 17 36 22 3 99 50 37 77 41 23 64 52 66 40 96 84 76 61 9 95 69 55 93 60 11 0 46 10 6 48 82 74 35 45 34 54 38 90 28 16 51 58 15 97 53 56 43 68 42 27 19 81 7 18 31 5 86 92 47 14 63 75 24 32 29 1 79 49 30 2 20 62 72 98 71 87 39 91 21 8 4 67 80 25 59 70 83 65 88 94 33 78 73 57 44 
176806,	119338,	2 8 13 92 5 23 57 74 22 36 37 80 26 0 14 89 20 66 49 88 91 18 94 79 39 17 42 19 93 44 56 85 78 54 31 55 30 75 3 10 98 16 59 45 67 77 82 60 52 40 34 81 9 12 70 32 76 24 62 86 11 95 25 69 41 73 7 27 48 99 15 97 90 68 72 21 87 47 6 96 50 61 29 84 33 51 58 35 43 53 4 64 63 71 46 38 1 65 28 83 
179232,	119842,	38 91 79 96 28 71 65 84 81 50 39 72 37 33 22 52 45 36 95 77 88 83 42 56 57 58 69 0 90 16 54 3 76 61 14 74 93 4 94 85 23 12 67 34 6 11 2 10 47 35 51 13 63 89 9 73 44 24 87 98 99 43 49 68 30 21 40 7 20 15 78 46 60 19 1 48 75 8 32 66 97 31 18 27 64 86 5 53 82 29 70 55 17 26 25 59 62 41 80 92 
178568,	119871,	40 5 2 33 46 13 71 70 34 69 10 49 87 29 57 0 50 51 28 47 25 58 20 86 27 4 94 8 35 77 60 67 24 63 59 96 92 15 78 45 11 41 18 19 37 6 93 64 76 99 83 48 43 81 38 61 65 68 42 88 74 32 16 66 90 36 1 3 62 53 82 85 54 12 17 72 56 14 7 44 91 89 75 98 39 31 23 52 80 30 26 84 95 73 9 79 97 22 21 55 
180330,	117916,	78 60 20 34 18 46 21 0 29 4 13 86 66 7 5 27 64 3 79 93 95 91 98 59 56 80 33 38 11 62 85 23 8 51 87 15 44 75 25 97 9 32 73 2 84 82 24 76 96 54 43 90 83 67 57 53 26 61 49 1 14 88 99 92 71 28 10 6 42 16 40 50 37 36 52 31 35 48 70 68 69 41 65 77 74 12 30 89 72 19 81 63 58 39 47 45 22 17 94 55 
177090,	118887,	51 40 5 86 68 52 4 48 38 90 57 84 14 70 33 97 11 1 43 49 7 91 42 88 10 18 85 99 23 34 45 58 74 31 77 26 32 20 8 6 35 56 89 13 59 98 67 76 61 79 94 24 9 16 19 46 15 63 30 78 73 62 55 54 69 50 80 64 87 2 17 66 72 92 65 95 37 71 36 27 41 0 83 60 96 39 29 28 47 21 22 82 25 93 75 3 81 44 12 53 
179342,	120289,	77 20 29 92 34 2 45 68 11 35 4 10 67 47 86 90 7 52 56 21 62 36 72 15 79 59 18 83 53 24 44 91 27 9 17 40 82 25 50 30 75 65 64 76 14 89 0 22 23 49 70 26 41 78 57 69 43 58 85 60 84 96 48 61 55 54 51 46 16 99 5 93 98 31 66 88 73 63 95 13 71 80 28 12 19 37 87 74 3 97 33 42 38 6 39 1 81 94 32 8 
177206,	117722,	25 92 7 66 19 79 68 34 57 75 94 47 63 80 41 42 3 67 30 73 99 53 86 83 49 91 8 61 32 93 6 27 29 76 23 40 45 48 35 96 24 33 0 43 98 11 52 16 95 51 72 2 5 10 37 12 60 46 15 69 71 77 82 31 18 50 90 88 97 28 22 87 74 20 62 26 58 54 85 65 36 38 9 55 70 21 17 14 13 78 39 84 89 1 56 64 81 44 59 4 
176048,	119392,	2 41 54 31 34 29 80 40 94 75 23 77 46 30 13 99 67 39 20 3 24 44 59 1 65 74 28 93 83 43 50 97 84 12 76 96 15 9 66 5 14 56 47 57 63 72 4 48 7 81 64 10 70 90 55 53 88 16 87 49 27 38 8 33 42 79 82 95 71 73 22 60 26 45 37 92 21 51 69 78 98 61 19 52 32 35 25 62 91 36 0 89 86 85 17 6 68 11 18 58 
178954,	119129,	64 27 54 2 4 90 21 36 57 96 74 41 13 28 88 68 44 19 78 12 60 53 95 61 40 8 23 10 34 79 99 73 33 47 62 65 29 67 43 32 91 98 71 25 89 76 3 84 42 48 6 52 70 63 58 1 59 97 86 20 14 45 17 0 51 9 24 16 31 82 39 30 92 35 83 7 69 80 75 81 26 38 49 5 46 22 66 93 87 56 18 85 77 37 50 11 55 15 72 94 
176360,	119465,	40 50 61 23 31 66 92 62 3 24 59 19 47 9 10 49 11 16 56 60 57 35 79 26 52 18 15 54 58 95 2 1 98 39 36 67 73 80 78 45 96 44 65 94 93 81 48 29 25 74 14 6 8 76 34 75 51 91 82 4 85 12 33 53 87 68 72 21 38 63 46 32 71 20 97 41 22 0 17 37 7 43 28 27 84 88 83 55 30 86 5 42 77 70 89 69 90 64 99 13 
178558,	119282,	89 74 23 72 12 3 82 51 75 0 92 42 59 30 87 44 18 71 1 19 56 16 91 78 81 67 68 86 45 83 46 13 80 73 85 99 60 15 38 39 57 25 20 69 65 26 53 54 36 2 52 95 5 61 96 43 94 21 24 28 9 97 84 29 93 17 62 98 31 40 34 32 50 27 6 10 14 79 37 33 4 47 55 8 11 64 76 49 35 7 63 66 88 90 58 77 22 41 48 70 
177086,	116092,	76 19 71 73 82 65 14 48 98 34 23 66 74 40 97 29 63 77 84 88 32 20 7 80 9 51 58 3 89 31 28 4 12 5 18 56 53 54 22 21 44 75 83 91 24 6 47 16 43 33 37 45 94 62 42 46 26 70 15 86 17 41 68 85 52 1 25 50 27 87 61 57 49 10 55 92 60 64 78 95 36 69 59 96 72 38 79 90 0 39 99 2 93 81 35 11 67 30 8 13 
177668,	120326,	82 60 64 86 14 30 57 53 40 41 96 74 68 44 36 73 25 84 65 55 23 38 69 89 50 39 4 8 24 1 76 12 2 35 71 67 31 54 27 95 80 5 66 70 62 83 10 29 72 63 0 97 6 13 22 94 33 75 98 43 17 34 9 15 37 81 47 46 16 99 49 85 21 18 51 11 59 42 90 88 87 91 77 92 58 20 19 78 79 56 93 52 7 3 26 32 28 48 61 45 
179066,	118964,	11 44 63 46 80 47 82 34 88 79 4 32 15 12 20 91 31 56 74 93 23 50 51 83 28 40 90 9 18 27 48 19 99 3 36 98 85 67 24 0 65 13 78 35 29 7 96 33 14 77 89 57 42 84 53 87 58 70 97 25 10 2 62 75 72 71 22 26 73 81 41 61 45 94 52 54 43 92 55 86 68 95 37 66 60 5 8 38 30 59 1 49 69 16 76 17 6 64 39 21 
177222,	120062,	83 2 61 15 76 87 3 8 84 9 23 54 42 39 33 32 79 91 64 1 11 38 34 41 60 50 56 93 59 63 16 4 12 43 27 92 13 58 47 6 53 62 57 99 68 97 86 25 10 24 26 65 5 95 29 69 88 18 74 44 35 51 70 90 30 7 96 81 66 77 0 46 75 89 48 19 78 28 22 37 17 45 71 98 21 94 20 40 67 31 52 49 14 80 85 82 36 72 73 55 
177576,	119072,	43 73 74 24 84 70 5 64 58 76 2 75 92 54 95 50 65 88 13 19 57 68 77 62 33 86 79 1 52 4 46 38 41 60 87 20 97 39 34 51 0 29 59 82 47 49 15 91 14 17 89 61 45 66 23 16 90 83 22 55 3 94 32 37 96 98 31 8 12 30 81 63 80 11 10 25 6 72 48 42 9 21 78 18 69 7 35 44 93 85 53 40 28 36 67 27 26 56 71 99 
176770,	119284,	5 96 32 4 74 72 48 64 20 39 76 57 12 92 94 49 40 1 42 90 46 34 80 67 27 77 30 25 65 16 9 98 54 91 29 47 17 24 52 7 36 18 89 71 44 66 31 68 45 37 2 88 6 11 35 78 84 69 8 62 56 26 99 58 63 82 75 61 15 13 3 87 86 28 79 95 97 93 19 59 73 41 53 81 10 23 83 55 50 43 70 85 0 22 38 21 60 51 33 14 
177168,	119797,	97 26 49 75 70 56 44 59 14 78 2 72 89 32 98 74 46 11 93 0 77 20 1 43 35 33 30 17 8 76 45 40 69 7 13 57 18 88 37 50 85 36 12 4 10 41 52 62 28 24 61 64 25 84 16 27 73 29 92 82 83 47 66 22 94 91 96 63 3 60 34 19 81 51 42 54 9 58 23 79 55 90 95 67 99 71 15 31 48 86 68 53 87 5 6 65 80 39 38 21 
179380,	118411,	97 36 18 73 84 46 86 37 96 56 2 1 75 9 70 35 93 26 85 24 58 61 45 22 28 39 62 51 80 92 94 23 15 21 55 71 20 19 88 91 33 48 60 16 90 72 13 99 34 47 59 53 69 52 57 67 7 5 4 79 87 49 44 54 66 8 42 76 63 27 77 81 17 68 65 30 41 10 31 3 43 89 64 11 12 78 82 14 83 40 98 38 95 50 0 32 6 74 25 29 
181320,	119664,	88 97 55 66 81 22 33 49 34 27 28 80 94 38 17 4 5 20 54 29 92 57 78 72 68 90 56 41 15 69 10 40 83 71 19 44 14 67 31 42 7 12 89 35 76 48 93 2 74 58 11 86 47 43 39 30 95 73 18 16 64 45 26 3 8 65 91 46 13 70 21 23 62 87 9 85 0 37 98 82 99 52 1 59 77 61 60 53 79 75 51 84 25 36 32 24 63 6 50 96 
177322,	116604,	34 33 45 52 24 54 11 84 42 62 25 58 14 60 91 88 43 15 61 85 19 56 76 21 28 38 12 41 48 90 17 29 94 35 51 99 78 65 10 2 32 0 13 68 87 95 59 6 9 18 16 74 79 69 37 86 4 70 27 82 7 50 53 44 92 89 71 31 96 1 8 73 23 77 5 49 22 81 39 72 20 98 30 67 80 57 66 93 46 64 97 63 75 36 40 55 3 26 47 83 
177528,	119511,	96 56 33 73 71 84 97 67 41 29 83 4 12 7 59 66 50 35 98 8 26 91 80 15 43 30 81 51 52 79 87 25 22 70 16 36 88 77 46 23 49 74 3 78 10 14 38 94 55 2 5 40 58 17 62 57 20 82 93 85 24 13 37 65 64 53 21 48 60 32 72 61 27 42 63 34 44 90 54 45 19 92 11 28 31 86 47 9 69 75 76 1 99 6 95 0 68 89 18 39 
179228,	118735,	23 58 91 25 88 71 43 46 81 67 57 78 98 18 72 36 29 28 39 79 83 8 24 95 77 90 47 96 82 51 16 50 20 12 48 10 31 69 32 65 59 40 41 84 89 1 80 11 26 63 14 33 62 99 35 53 60 19 7 34 64 0 2 61 27 44 73 15 75 30 4 94 92 3 22 55 6 93 38 42 54 97 49 52 45 68 86 74 56 17 70 13 9 37 87 5 66 76 21 85 
177920,	119052,	3 27 77 40 97 64 55 2 57 31 30 45 6 91 9 32 15 93 37 1 28 76 92 84 25 65 35 19 42 7 78 73 86 18 4 11 39 66 46 47 52 14 69 82 87 26 60 58 33 29 23 21 99 96 48 67 74 53 98 71 43 16 90 20 10 13 24 34 44 54 88 50 17 79 89 70 85 51 56 94 8 38 83 80 75 36 68 41 22 0 12 95 72 49 5 62 81 63 59 61 
179286,	119922,	96 32 89 93 76 75 55 31 9 91 53 8 68 38 34 16 67 17 94 87 0 7 74 98 78 64 69 37 39 5 92 86 59 58 28 26 56 99 73 52 24 51 6 82 50 36 66 57 61 80 85 63 72 95 29 48 41 10 27 11 77 15 45 44 25 23 81 71 65 21 13 3 88 35 40 22 90 49 43 60 47 30 4 12 97 46 2 54 42 84 1 18 62 83 19 14 79 20 70 33 
177160,	119385,	34 26 59 1 60 0 15 84 89 64 47 58 43 32 3 92 74 30 88 36 52 19 6 35 73 57 63 83 5 18 54 45 62 11 66 95 9 79 2 71 40 94 28 10 87 77 61 23 67 93 46 25 33 22 37 41 8 14 20 85 44 39 51 49 48 98 50 21 27 80 55 56 65 42 82 13 96 16 70 12 53 72 99 24 31 7 97 90 81 76 17 91 4 68 69 75 86 38 78 29 
175888,	119358,	83 48 90 55 6 19 39 70 11 46 1 17 40 50 12 72 82 77 62 78 65 86 36 68 23 94 10 5 43 16 84 87 35 98 57 74 81 53 38 96 44 73 9 93 15 67 97 95 64 61 99 29 37 2 24 69 8 80 88 89 42 28 56 91 14 26 41 30 18 59 31 13 63 66 20 25 47 22 54 52 60 92 34 45 75 51 33 85 71 4 0 58 3 79 27 49 76 7 21 32 
178622,	118068,	13 99 75 65 98 43 56 64 59 86 63 58 16 28 20 21 25 80 45 48 47 37 72 95 26 42 74 6 10 94 82 62 40 11 68 32 73 14 2 77 30 15 91 79 9 97 61 35 5 19 27 78 39 51 29 24 52 3 36 41 84 17 8 31 66 87 12 83 93 49 18 46 55 50 96 38 23 76 89 0 44 34 7 69 92 33 53 57 81 71 67 22 90 85 70 88 54 4 60 1 
178346,	117906,	98 25 46 54 3 9 17 74 55 19 60 95 33 44 65 71 29 70 14 58 52 42 82 90 78 84 24 96 85 28 5 16 50 20 36 21 43 63 26 91 97 64 66 40 38 49 69 75 51 34 22 48 47 31 61 6 39 27 53 57 30 18 56 59 81 89 1 12 83 72 32 2 99 87 73 45 80 94 77 15 76 23 0 86 4 35 7 93 13 10 79 88 11 62 8 67 92 41 37 68 
177342,	118323,	8 78 22 38 50 68 3 71 54 88 31 14 75 4 15 0 32 1 24 56 48 21 39 7 70 77 47 30 53 80 6 85 29 16 99 10 41 44 27 43 73 84 25 28 76 95 67 96 62 17 60 36 57 35 94 13 66 2 91 87 86 61 59 49 82 64 92 52 58 69 11 46 23 19 81 51 26 98 45 74 5 63 34 40 20 42 97 33 93 37 12 90 72 55 79 9 83 89 65 18 
179378,	119421,	96 72 13 7 62 29 48 88 17 36 74 47 76 46 24 33 39 64 78 60 32 18 55 66 35 11 54 9 6 51 79 81 53 91 82 98 0 87 42 80 8 12 40 50 70 67 93 38 73 21 3 41 97 77 94 5 23 34 56 14 57 22 10 28 71 85 43 16 2 99 61 75 69 59 90 63 49 19 26 45 25 83 65 52 20 4 37 58 27 89 95 84 30 31 44 68 92 86 1 15 
178552,	119614,	6 68 90 54 46 49 20 2 77 19 42 36 45 56 7 74 39 30 72 26 41 98 64 24 73 52 75 18 32 62 97 0 48 50 22 80 84 53 51 70 44 31 23 35 8 43 12 28 92 85 47 15 5 25 13 93 9 37 1 78 59 16 76 27 60 3 29 11 81 17 61 79 10 57 21 34 87 63 14 69 82 95 66 86 4 71 94 38 99 67 96 55 83 40 91 65 89 88 33 58 
178550,	118959,	80 91 47 17 32 4 77 14 83 61 49 92 39 33 10 44 53 16 1 24 35 52 73 20 98 96 0 51 8 56 71 63 45 69 26 85 81 21 40 64 94 87 13 7 11 41 86 19 37 60 97 42 25 15 28 5 78 68 90 22 84 76 70 66 95 88 34 65 89 62 82 59 29 12 27 74 38 48 75 9 79 50 2 46 6 67 55 30 23 18 3 93 43 72 99 31 36 54 57 58 
176450,	119023,	90 43 94 17 55 57 27 23 52 58 30 79 93 12 19 8 88 76 74 53 35 97 42 33 59 15 46 5 54 69 3 60 65 70 67 18 83 75 28 25 6 85 44 66 20 72 4 62 34 0 26 11 77 71 95 1 80 84 73 61 40 51 31 89 48 99 7 68 36 41 81 82 50 32 37 87 78 49 13 92 10 56 38 14 9 91 22 21 47 39 63 98 24 96 86 16 45 29 64 2 
180492,	118166,	51 40 23 47 33 16 8 3 44 34 72 12 94 5 68 97 71 28 75 56 88 11 1 30 57 2 37 24 15 35 13 7 18 77 78 32 90 61 36 29 49 69 85 84 64 98 10 38 60 19 59 50 93 89 83 55 52 20 27 41 73 9 66 31 46 0 76 4 54 81 6 67 96 17 65 91 48 42 92 99 14 25 21 95 53 58 62 70 26 39 86 74 82 63 79 80 43 22 87 45 
176898,	119867,	50 25 52 93 1 6 12 86 43 16 17 2 5 88 18 75 3 31 32 37 73 95 35 74 44 79 34 48 72 68 89 33 59 46 62 80 92 11 4 76 9 40 58 10 20 23 54 19 84 55 91 51 14 94 65 36 77 99 47 22 81 29 21 97 85 60 28 64 83 87 26 7 82 57 69 42 15 30 56 39 63 90 66 67 49 13 61 70 38 98 0 27 45 53 96 24 41 8 78 71 
178588,	118971,	36 79 32 80 82 97 93 26 91 56 46 62 13 1 78 85 65 83 24 89 43 40 28 87 22 92 66 14 45 49 3 64 74 48 8 67 2 12 61 0 44 10 6 55 7 99 70 54 37 77 4 60 58 94 33 20 53 34 76 39 73 17 95 52 5 75 23 84 38 30 15 59 69 88 90 57 19 47 31 63 21 16 68 86 35 29 41 9 50 51 27 96 81 42 98 25 18 72 11 71 
176510,	117868,	27 54 32 2 49 29 85 68 71 20 12 73 30 45 24 97 59 11 18 62 9 3 43 64 8 22 60 15 82 10 88 53 72 99 63 69 55 34 16 51 41 93 26 98 0 14 7 33 40 79 46 87 35 21 39 52 78 25 74 48 5 90 96 38 19 84 80 58 47 86 83 66 31 36 70 44 50 61 23 13 4 37 57 94 81 17 67 89 56 1 91 77 28 6 42 65 75 92 76 95 
176526,	120541,	72 54 23 2 74 16 87 91 1 4 48 24 80 37 31 0 57 84 8 52 89 76 46 3 95 6 53 45 42 22 96 21 77 85 81 17 88 56 12 94 98 68 97 86 5 93 13 47 26 29 32 50 61 7 69 33 14 55 30 83 63 43 58 90 28 34 64 67 18 10 79 92 51 99 9 35 73 59 66 71 11 39 70 25 75 65 44 82 40 36 78 41 19 62 38 27 49 20 60 15 
175750,	118378,	65 78 47 63 52 75 17 5 59 96 41 64 81 3 76 18 93 91 34 28 39 35 33 99 68 97 95 89 46 98 4 67 77 44 57 43 13 36 80 27 40 38 1 90 29 71 26 72 0 24 58 54 8 53 31 30 9 51 70 82 50 32 62 83 60 7 12 86 48 92 73 42 19 56 6 79 10 21 85 16 49 37 22 84 20 25 66 88 94 23 69 11 61 74 55 45 14 87 2 15 
179320,	119451,	6 49 25 91 73 82 28 80 74 19 89 21 78 62 97 40 77 15 87 56 70 38 94 7 45 22 24 41 18 98 51 32 11 14 60 1 79 55 69 23 53 12 10 36 9 99 66 76 35 46 29 92 83 17 90 64 44 61 95 30 43 34 63 65 5 57 71 3 86 75 13 50 27 81 33 0 52 31 72 8 67 20 88 4 85 84 48 58 93 96 16 54 2 68 42 26 47 59 39 37 
179012,	119212,	90 47 7 99 35 27 18 15 51 75 79 52 96 81 8 22 53 10 82 19 50 37 62 20 6 2 91 72 88 85 23 24 11 94 64 13 77 1 44 3 73 48 60 56 78 61 33 57 32 5 84 26 14 21 9 45 76 46 67 93 66 92 38 98 87 16 29 69 86 0 41 74 97 17 40 55 89 80 58 34 42 71 54 30 4 68 25 70 65 83 36 63 12 95 43 49 28 39 31 59 
177548,	119618,	30 50 66 79 52 51 16 90 65 13 45 1 64 91 49 35 60 48 0 80 54 22 31 28 85 81 56 93 32 82 94 40 7 63 29 38 87 41 78 92 84 18 97 53 25 73 15 37 77 89 26 36 21 6 61 95 10 23 24 27 33 62 19 68 98 2 9 14 17 4 83 12 43 70 34 44 72 8 5 59 76 20 69 86 74 55 47 46 96 3 67 11 57 99 71 58 39 88 42 75 
176842,	118428,	16 71 20 41 50 58 56 97 39 14 85 21 93 76 82 47 78 81 64 86 26 32 5 90 19 38 92 63 67 49 69 87 35 18 96 57 70 42 9 31 24 13 6 29 4 80 22 40 36 46 37 91 83 55 77 51 60 79 15 30 84 43 28 95 10 48 1 44 54 74 62 98 75 72 66 8 17 61 23 99 88 52 2 27 73 53 25 12 11 68 0 3 65 94 45 7 34 89 33 59 
178952,	118101,	66 32 94 6 31 77 59 56 91 10 4 48 2 76 20 0 95 36 54 83 46 68 72 43 51 97 44 27 38 25 69 80 37 70 21 58 8 81 34 14 67 87 17 22 73 53 28 9 86 85 60 84 55 89 88 41 92 49 33 1 52 26 71 45 16 24 57 47 75 5 40 78 19 12 30 3 13 11 7 99 35 79 61 98 65 82 29 74 63 39 96 18 90 93 42 23 64 50 62 15 
178486,	118092,	95 69 64 51 20 43 46 76 91 96 49 55 17 99 15 0 90 81 30 73 88 47 42 14 38 61 78 89 56 41 70 72 63 66 75 2 92 18 19 25 39 11 12 65 26 4 52 57 35 68 84 3 37 93 9 85 45 53 62 6 98 58 32 82 33 29 34 60 48 80 87 97 27 13 1 21 83 5 79 71 31 86 7 22 54 10 74 16 8 36 59 44 28 23 24 50 40 67 94 77 
177402,	118518,	0 74 50 34 35 15 25 13 77 93 8 69 89 20 17 92 29 38 65 43 46 6 5 78 1 42 54 14 7 61 99 19 21 82 28 44 87 33 70 85 67 47 95 58 2 41 73 71 90 3 96 51 18 32 79 68 91 97 9 86 81 84 75 12 60 24 72 36 53 62 22 59 56 98 94 57 64 55 4 23 40 52 76 31 45 49 11 66 16 37 48 26 83 80 10 30 88 27 39 63 
177540,	119011,	47 78 32 79 6 20 27 30 76 86 73 72 21 70 88 35 92 68 10 46 25 33 5 55 65 49 59 80 34 58 90 74 7 1 53 8 54 83 4 95 23 42 45 43 97 63 18 52 17 67 75 84 89 15 51 13 2 61 11 62 38 98 57 19 64 31 60 66 71 82 29 26 96 14 77 16 40 56 37 28 0 36 44 50 87 93 3 85 69 91 9 24 81 41 94 12 22 48 99 39 
176464,	118144,	17 39 76 35 86 79 12 96 83 13 5 46 81 10 48 57 73 69 14 6 54 16 27 53 32 9 33 68 67 71 94 97 55 89 36 4 0 45 87 91 7 74 42 30 62 72 90 70 85 34 31 15 66 58 21 37 75 95 92 26 47 51 64 1 84 59 80 40 61 63 65 8 93 2 41 82 23 49 78 19 38 60 28 98 18 44 77 3 56 29 52 43 88 99 20 50 24 11 22 25 
176446,	119804,	89 65 24 97 53 75 91 59 67 90 18 57 7 72 94 49 4 19 17 69 52 37 80 12 92 81 30 93 55 6 2 48 32 70 99 35 84 60 43 20 1 5 22 45 63 26 13 0 3 87 62 66 85 68 58 41 39 14 27 21 74 42 34 64 31 8 78 56 10 76 98 44 23 28 11 95 47 83 73 36 15 50 29 54 25 51 40 77 16 86 79 82 38 71 9 46 61 33 88 96 
