11838,	0.067,	0.0573948,	51170,	4 6 3 9 2 0 7 5 1 10 8 11 
11198,	0.061,	0.0573948,	45200,	10 4 7 11 5 2 3 9 8 6 1 0 
15232,	0.067,	0.0573948,	52174,	10 4 9 7 5 6 1 0 8 3 11 2 
18468,	0.052,	0.0573948,	46624,	10 5 0 11 4 8 6 2 7 3 9 1 
13002,	0.047,	0.0573948,	42298,	6 9 10 1 0 7 5 4 8 2 11 3 
12986,	0.058,	0.0573948,	52536,	5 10 9 8 11 4 7 0 2 6 3 1 
15624,	0.044,	0.0573948,	38542,	3 2 8 1 5 4 11 6 10 0 7 9 
20568,	0.035,	0.0573948,	40348,	5 3 4 7 8 2 6 10 0 11 9 1 
11514,	0.087,	0.0573948,	41676,	4 6 7 11 2 0 9 10 1 5 8 3 
13850,	0.045,	0.0573948,	37148,	0 6 4 7 3 9 2 10 1 5 8 11 
13700,	0.056,	0.0573948,	36282,	6 9 4 1 0 7 2 10 3 11 5 8 
17774,	0.054,	0.0573948,	53652,	6 4 3 2 0 10 5 1 7 8 9 11 
15034,	0.075,	0.0573948,	42622,	6 4 8 11 1 10 5 7 2 9 3 0 
17718,	0.045,	0.0573948,	45860,	0 3 7 1 6 2 8 10 4 5 9 11 
16930,	0.077,	0.0573948,	51692,	5 3 9 8 11 2 0 4 6 10 1 7 
17146,	0.039,	0.0573948,	46768,	5 3 0 11 10 2 1 9 4 7 6 8 
15632,	0.036,	0.0573948,	38656,	10 4 7 11 5 2 9 3 0 1 6 8 
11556,	0.082,	0.0573948,	43322,	4 6 11 9 2 0 1 10 7 5 8 3 
18908,	0.033,	0.0573948,	35270,	4 2 6 7 9 3 0 11 5 8 10 1 
20146,	0.073,	0.0573948,	43246,	6 1 10 11 4 8 5 7 3 9 2 0 
17268,	0.077,	0.0573948,	66864,	3 2 0 1 5 4 6 10 9 11 7 8 
10096,	0.11,	0.0573948,	43910,	10 5 4 11 7 3 2 6 1 0 8 9 
15912,	0.065,	0.0573948,	43686,	9 4 5 0 7 2 3 10 6 11 1 8 
11838,	0.058,	0.0573948,	50622,	4 6 7 9 2 0 3 10 1 5 8 11 
10688,	0.058,	0.0573948,	32434,	10 5 8 11 7 3 1 6 0 4 9 2 
18406,	0.075,	0.0573948,	38108,	6 1 7 11 0 8 9 10 2 5 4 3 
12104,	0.057,	0.0573948,	58708,	5 10 0 8 3 11 1 6 7 4 9 2 
15892,	0.037,	0.0573948,	44210,	8 6 7 1 11 0 9 10 2 5 4 3 
12300,	0.075,	0.0573948,	54154,	5 10 4 11 3 7 2 6 8 0 1 9 
14468,	0.047,	0.0573948,	57630,	5 3 1 11 10 2 8 0 9 6 7 4 
14424,	0.027,	0.0573948,	29382,	4 10 9 7 6 5 0 2 11 3 8 1 
14558,	0.06,	0.0573948,	49990,	6 0 4 2 1 9 7 10 8 5 11 3 
18496,	0.041,	0.0573948,	46818,	3 0 2 8 5 9 11 4 7 6 10 1 
15280,	0.057,	0.0573948,	41386,	5 3 8 11 10 2 1 7 4 9 6 0 
20384,	0.051,	0.0573948,	36236,	0 6 2 1 3 8 11 4 5 9 10 7 
12548,	0.095,	0.0573948,	40754,	5 10 1 11 3 7 8 0 4 6 2 9 
15012,	0.034,	0.0573948,	39398,	10 5 0 11 4 3 2 9 1 7 6 8 
9552,	0.072,	0.0573948,	54982,	6 4 11 1 0 2 8 10 9 5 7 3 
16932,	0.057,	0.0573948,	46234,	10 5 7 2 4 3 9 8 0 11 6 1 
11556,	0.09,	0.0573948,	45542,	4 6 11 9 2 0 1 10 7 5 8 3 
11374,	0.067,	0.0573948,	30930,	10 5 4 8 11 3 2 6 0 9 1 7 
15618,	0.06,	0.0573948,	57526,	5 3 4 11 10 2 6 7 8 9 1 0 
12076,	0.069,	0.0573948,	43188,	4 6 3 7 2 9 0 5 1 10 8 11 
14440,	0.05,	0.0573948,	57132,	3 0 8 1 2 6 11 5 9 10 7 4 
11838,	0.054,	0.0573948,	33682,	4 6 3 9 2 0 7 5 1 10 8 11 
11668,	0.074,	0.0573948,	52722,	10 4 11 7 5 2 8 6 3 0 1 9 
11754,	0.06,	0.0573948,	52818,	6 9 11 1 0 7 8 10 3 4 5 2 
14390,	0.034,	0.0573948,	49326,	11 10 4 1 8 5 2 6 9 0 7 3 
12392,	0.066,	0.0573948,	31350,	5 10 3 8 11 4 2 0 9 6 7 1 
12062,	0.101,	0.0573948,	39798,	6 4 11 1 0 10 8 5 7 3 9 2 
15320,	0.074,	0.0573948,	43802,	5 3 8 11 10 2 1 6 0 4 9 7 
14258,	0.054,	0.0573948,	48838,	5 10 8 7 11 4 1 6 2 0 3 9 
16110,	0.037,	0.0573948,	45882,	5 3 9 8 11 2 7 6 0 4 1 10 
16302,	0.072,	0.0573948,	38228,	0 3 6 7 9 2 1 4 11 10 8 5 
15238,	0.047,	0.0573948,	49568,	10 4 7 2 11 6 9 3 0 5 1 8 
13482,	0.046,	0.0573948,	47224,	10 4 7 11 5 9 8 0 3 6 2 1 
14354,	0.044,	0.0573948,	49612,	5 10 0 8 11 7 1 6 3 4 2 9 
23090,	0.056,	0.0573948,	51440,	3 0 2 1 5 9 4 11 7 8 10 6 
12486,	0.07,	0.0573948,	40080,	10 5 0 11 4 3 2 6 1 9 8 7 
12486,	0.071,	0.0573948,	53398,	10 5 0 11 4 3 2 6 1 9 8 7 
16978,	0.055,	0.0573948,	44186,	2 4 8 11 3 10 5 6 7 0 9 1 
15320,	0.067,	0.0573948,	31306,	5 3 8 11 10 2 1 6 0 4 9 7 
13612,	0.041,	0.0573948,	49370,	10 7 8 11 5 9 1 4 3 6 2 0 
11838,	0.087,	0.0573948,	46172,	4 6 3 9 2 0 7 5 1 10 8 11 
10096,	0.082,	0.0573948,	55904,	10 5 4 11 7 3 2 6 1 0 8 9 
11926,	0.091,	0.0573948,	48352,	4 6 10 9 2 0 7 5 8 3 11 1 
13080,	0.091,	0.0573948,	60162,	9 6 11 1 7 0 8 10 3 4 5 2 
11248,	0.038,	0.0573948,	44594,	3 5 9 1 2 10 7 4 11 6 8 0 
13700,	0.038,	0.0573948,	44688,	6 9 4 1 0 7 2 10 3 11 5 8 
9552,	0.098,	0.0573948,	48914,	6 4 11 1 0 2 8 10 9 5 7 3 
10506,	0.089,	0.0573948,	41660,	6 4 7 1 0 2 9 10 11 5 8 3 
11556,	0.09,	0.0573948,	29632,	4 6 11 9 2 0 1 10 7 5 8 3 
18108,	0.047,	0.0573948,	38482,	5 3 0 8 11 2 1 9 4 7 6 10 
17314,	0.058,	0.0573948,	58778,	0 3 1 9 6 5 8 11 4 10 2 7 
14168,	0.061,	0.0573948,	33464,	0 9 5 3 6 7 11 10 8 4 1 2 
12370,	0.057,	0.0573948,	53086,	10 4 3 11 5 2 8 0 9 6 7 1 
17564,	0.061,	0.0573948,	46062,	5 3 4 11 10 0 2 9 7 6 8 1 
17564,	0.037,	0.0573948,	55606,	5 3 4 11 10 0 2 9 7 6 8 1 
16204,	0.037,	0.0573948,	45094,	7 9 0 8 10 6 1 3 4 5 2 11 
14304,	0.033,	0.0573948,	42182,	11 10 6 1 8 5 0 4 3 9 2 7 
10476,	0.047,	0.0573948,	50166,	4 6 7 9 2 0 8 10 1 5 11 3 
16652,	0.039,	0.0573948,	53752,	10 4 5 11 7 2 3 8 0 1 9 6 
19830,	0.07,	0.0573948,	40218,	10 11 0 7 4 8 1 5 6 3 9 2 
11248,	0.036,	0.0573948,	37010,	3 5 9 1 2 10 7 4 11 6 8 0 
9916,	0.092,	0.0573948,	51412,	6 9 4 1 0 7 2 10 8 5 11 3 
13482,	0.047,	0.0573948,	64464,	10 4 7 11 5 9 8 0 3 6 2 1 
18644,	0.059,	0.0573948,	50068,	1 6 4 11 8 0 2 9 3 7 5 10 
11646,	0.077,	0.0573948,	49994,	5 10 8 11 3 7 1 6 9 4 0 2 
13380,	0.092,	0.0573948,	54210,	7 10 1 8 9 5 11 6 3 4 0 2 
14934,	0.08,	0.0573948,	49688,	4 10 7 2 6 5 9 8 3 11 0 1 
17018,	0.054,	0.0573948,	46180,	2 3 7 11 4 5 10 9 8 6 1 0 
13612,	0.063,	0.0573948,	63574,	10 7 8 11 5 9 1 4 3 6 2 0 
13034,	0.044,	0.0573948,	27222,	3 5 6 1 2 10 0 4 11 9 8 7 
17416,	0.034,	0.0573948,	38798,	2 4 7 11 3 6 8 9 10 0 5 1 
11688,	0.065,	0.0573948,	39282,	4 10 9 7 2 5 1 6 11 0 8 3 
15110,	0.044,	0.0573948,	39904,	0 6 2 7 3 9 11 4 1 10 8 5 
12216,	0.046,	0.0573948,	58318,	3 5 1 8 2 10 11 0 7 6 9 4 
12370,	0.073,	0.0573948,	33018,	10 4 3 11 5 2 8 0 9 6 7 1 
11198,	0.048,	0.0573948,	56942,	10 4 7 11 5 2 3 9 8 6 1 0 
15508,	0.045,	0.0573948,	39172,	9 4 8 7 6 10 11 5 0 3 1 2 
14934,	0.046,	0.0573948,	38474,	4 10 7 2 6 5 9 8 3 11 0 1 
11688,	0.081,	0.0573948,	50144,	4 10 9 7 2 5 1 6 11 0 8 3 
10476,	0.085,	0.0573948,	42184,	4 6 7 9 2 0 8 10 1 5 11 3 
11560,	0.058,	0.0573948,	50440,	9 6 8 0 7 4 1 5 2 10 3 11 
11418,	0.09,	0.0573948,	54560,	6 4 3 1 0 9 2 5 8 10 11 7 
14296,	0.055,	0.0573948,	47042,	4 6 7 9 2 0 8 10 3 11 5 1 
12300,	0.06,	0.0573948,	58266,	5 10 4 11 3 7 2 6 8 0 1 9 
10688,	0.081,	0.0573948,	24486,	10 5 8 11 7 3 1 6 0 4 9 2 
17278,	0.072,	0.0573948,	62786,	10 11 7 8 5 1 9 4 6 2 0 3 
14424,	0.042,	0.0573948,	35696,	10 4 1 11 5 6 8 0 9 3 7 2 
13182,	0.066,	0.0573948,	45614,	4 10 0 11 2 5 3 6 8 9 1 7 
15420,	0.068,	0.0573948,	41830,	3 2 1 8 5 4 11 0 10 6 7 9 
13692,	0.048,	0.0573948,	31538,	10 5 0 2 7 3 1 9 8 6 11 4 
11216,	0.075,	0.0573948,	47164,	10 4 0 11 5 2 3 6 8 9 1 7 
10240,	0.077,	0.0573948,	49634,	10 5 4 11 7 3 2 9 1 6 8 0 
16322,	0.03,	0.0573948,	41442,	10 4 2 11 5 6 8 3 9 0 7 1 
12216,	0.051,	0.0573948,	51648,	3 5 1 8 2 10 11 0 7 6 9 4 
16118,	0.05,	0.0573948,	28024,	6 0 11 2 1 9 8 5 7 10 3 4 
21272,	0.033,	0.0573948,	56564,	7 9 3 8 4 0 2 1 10 6 5 11 
14572,	0.042,	0.0573948,	39448,	10 4 7 2 5 6 8 9 1 0 11 3 
18898,	0.046,	0.0573948,	38628,	7 9 4 8 10 0 2 6 3 1 5 11 
14642,	0.058,	0.0573948,	39584,	10 4 1 7 5 9 11 0 3 6 2 8 
14718,	0.032,	0.0573948,	51218,	4 10 9 7 6 11 0 5 8 3 1 2 
16378,	0.051,	0.0573948,	38688,	0 6 5 2 3 4 11 10 8 7 1 9 
19756,	0.056,	0.0573948,	53778,	1 3 6 11 8 5 9 4 0 10 2 7 
15136,	0.056,	0.0573948,	53692,	10 5 6 11 4 3 1 9 2 7 0 8 
14784,	0.043,	0.0573948,	44548,	4 10 8 2 6 7 1 3 9 5 0 11 
10096,	0.07,	0.0573948,	43570,	10 5 4 11 7 3 2 6 1 0 8 9 
19162,	0.03,	0.0573948,	41856,	4 2 9 7 10 3 0 6 5 1 11 8 
13898,	0.045,	0.0573948,	51382,	4 10 2 11 6 5 3 7 8 9 1 0 
15072,	0.037,	0.0573948,	48326,	9 6 8 1 7 0 11 5 10 3 4 2 
11418,	0.075,	0.0573948,	42518,	6 4 3 1 0 9 2 5 8 10 11 7 
12576,	0.073,	0.0573948,	47390,	10 4 8 11 7 6 1 5 0 3 9 2 
12294,	0.105,	0.0573948,	33946,	4 10 3 2 6 5 1 7 11 9 8 0 
16978,	0.076,	0.0573948,	44362,	2 4 8 11 3 10 5 6 7 0 9 1 
11198,	0.093,	0.0573948,	45802,	10 4 7 11 5 2 3 9 8 6 1 0 
14304,	0.028,	0.0573948,	41032,	11 10 6 1 8 5 0 4 3 9 2 7 
16930,	0.025,	0.0573948,	33952,	5 3 9 8 11 2 0 4 6 10 1 7 
15362,	0.058,	0.0573948,	35662,	5 3 4 11 10 0 2 6 1 9 8 7 
13372,	0.044,	0.0573948,	45890,	10 4 11 7 5 9 8 6 3 0 2 1 
17150,	0.042,	0.0573948,	50126,	2 3 6 11 4 5 0 9 8 7 1 10 
14814,	0.046,	0.0573948,	46924,	4 10 0 2 6 11 1 3 7 5 9 8 
12776,	0.098,	0.0573948,	56538,	4 6 9 2 10 0 7 3 1 5 8 11 
11688,	0.08,	0.0573948,	48540,	4 10 9 7 2 5 1 6 11 0 8 3 
11216,	0.067,	0.0573948,	56736,	10 4 0 11 5 2 3 6 8 9 1 7 
11556,	0.111,	0.0573948,	35826,	4 6 11 9 2 0 1 10 7 5 8 3 
11444,	0.047,	0.0573948,	44308,	6 9 3 1 0 7 8 5 4 10 2 11 
10804,	0.058,	0.0573948,	46142,	6 9 11 1 0 7 8 10 4 5 2 3 
10506,	0.06,	0.0573948,	48260,	6 4 7 1 0 2 9 10 11 5 8 3 
16224,	0.052,	0.0573948,	39920,	9 7 8 0 6 10 11 5 4 3 2 1 
13448,	0.064,	0.0573948,	53494,	4 6 8 2 10 0 1 3 9 5 7 11 
19162,	0.032,	0.0573948,	47290,	4 2 9 7 10 3 0 6 5 1 11 8 
12842,	0.054,	0.0573948,	51598,	4 10 9 2 6 5 7 0 11 3 8 1 
19270,	0.04,	0.0573948,	47964,	6 1 7 11 0 8 9 10 3 4 5 2 
13068,	0.069,	0.0573948,	37056,	5 10 4 8 3 11 2 6 1 9 0 7 
17882,	0.036,	0.0573948,	57182,	10 4 3 7 5 2 1 8 0 11 9 6 
17660,	0.065,	0.0573948,	49748,	5 10 1 7 11 4 8 0 6 3 9 2 
12412,	0.032,	0.0573948,	37410,	4 6 10 7 2 9 11 5 1 3 8 0 
9916,	0.069,	0.0573948,	25442,	6 9 4 1 0 7 2 10 8 5 11 3 
10096,	0.053,	0.0573948,	52282,	10 5 4 11 7 3 2 6 1 0 8 9 
20018,	0.049,	0.0573948,	57764,	6 1 11 9 0 8 5 10 3 4 7 2 
11558,	0.06,	0.0573948,	59294,	10 5 8 11 7 3 1 6 2 0 4 9 
17904,	0.035,	0.0573948,	40544,	7 10 2 0 9 11 4 3 1 5 6 8 
12776,	0.073,	0.0573948,	59298,	4 6 9 2 10 0 7 3 1 5 8 11 
14332,	0.061,	0.0573948,	33094,	4 10 7 9 2 11 8 0 5 6 3 1 
12816,	0.088,	0.0573948,	42560,	3 5 8 1 2 10 11 4 7 6 9 0 
14086,	0.054,	0.0573948,	59528,	4 10 6 7 9 5 1 0 11 3 8 2 
15714,	0.07,	0.0573948,	43188,	4 2 10 7 9 3 5 0 8 6 11 1 
16152,	0.073,	0.0573948,	50182,	3 0 5 7 2 6 11 10 1 4 8 9 
14670,	0.067,	0.0573948,	44212,	4 6 5 2 10 0 3 7 8 9 11 1 
10506,	0.084,	0.0573948,	57300,	6 4 7 1 0 2 9 10 11 5 8 3 
13094,	0.031,	0.0573948,	44672,	10 5 0 2 4 3 1 6 8 9 11 7 
14400,	0.057,	0.0573948,	53038,	6 0 4 8 1 9 7 10 3 5 2 11 
12062,	0.075,	0.0573948,	41498,	6 4 11 1 0 10 8 5 7 3 9 2 
13458,	0.091,	0.0573948,	49118,	11 10 9 1 8 5 7 4 3 6 2 0 
18418,	0.041,	0.0573948,	44088,	2 3 1 11 4 5 8 9 0 7 6 10 
13680,	0.081,	0.0573948,	54406,	10 4 3 7 5 9 2 0 8 6 11 1 
14354,	0.063,	0.0573948,	44016,	5 10 0 8 11 7 1 6 3 4 2 9 
12174,	0.042,	0.0573948,	40486,	4 10 7 9 2 5 3 0 11 6 8 1 
16888,	0.053,	0.0573948,	26342,	3 5 6 1 2 8 0 4 7 10 9 11 
12610,	0.053,	0.0573948,	51672,	10 4 1 11 7 2 8 0 3 6 5 9 
9552,	0.057,	0.0573948,	25764,	6 4 11 1 0 2 8 10 9 5 7 3 
14608,	0.057,	0.0573948,	43302,	4 6 11 9 10 0 1 5 7 3 8 2 
17176,	0.043,	0.0573948,	44080,	3 0 11 2 5 6 1 10 8 4 7 9 
13624,	0.046,	0.0573948,	46942,	10 7 8 11 5 9 1 6 4 0 2 3 
18890,	0.069,	0.0573948,	41650,	2 3 9 6 4 0 7 5 1 10 8 11 
13322,	0.079,	0.0573948,	33206,	4 6 11 2 10 0 8 5 9 3 7 1 
19098,	0.042,	0.0573948,	33726,	2 3 7 1 4 5 9 10 0 11 6 8 
20598,	0.04,	0.0573948,	46174,	6 11 8 9 0 10 1 2 5 4 3 7 
23090,	0.053,	0.0573948,	45824,	3 0 2 1 5 9 4 11 7 8 10 6 
19098,	0.06,	0.0573948,	73168,	2 3 7 1 4 5 9 10 0 11 6 8 
13604,	0.042,	0.0573948,	39848,	10 7 1 11 5 9 8 0 3 6 2 4 
17590,	0.055,	0.0573948,	37234,	1 6 3 11 8 4 2 7 10 9 5 0 
16044,	0.065,	0.0573948,	49214,	6 0 7 11 1 9 8 4 3 10 2 5 
11216,	0.054,	0.0573948,	52004,	10 4 0 11 5 2 3 6 8 9 1 7 
16516,	0.064,	0.0573948,	29596,	3 2 7 1 5 4 9 10 6 11 0 8 
15734,	0.074,	0.0573948,	54588,	4 6 7 2 10 0 9 8 3 11 5 1 
16744,	0.063,	0.0573948,	54942,	6 4 3 9 0 2 5 1 10 8 7 11 
10122,	0.04,	0.0573948,	47874,	10 5 0 11 7 3 9 6 1 4 8 2 
20610,	0.04,	0.0573948,	62464,	10 11 0 2 4 1 6 3 9 5 7 8 
13328,	0.062,	0.0573948,	41848,	5 10 8 11 3 4 1 6 2 9 0 7 
9916,	0.031,	0.0573948,	38702,	6 9 4 1 0 7 2 10 8 5 11 3 
12482,	0.05,	0.0573948,	33356,	4 6 10 9 2 0 11 5 1 3 8 7 
16022,	0.091,	0.0573948,	47646,	4 6 5 2 10 0 3 11 9 8 7 1 
14440,	0.033,	0.0573948,	43724,	3 0 8 1 2 6 11 5 9 10 7 4 
11374,	0.072,	0.0573948,	55760,	10 5 4 8 11 3 2 6 0 9 1 7 
17126,	0.084,	0.0573948,	40914,	10 5 8 2 4 11 1 6 7 0 9 3 
16968,	0.062,	0.0573948,	59650,	3 0 8 1 5 6 11 10 4 7 2 9 
12174,	0.064,	0.0573948,	47374,	4 10 7 9 2 5 3 0 11 6 8 1 
15992,	0.049,	0.0573948,	57176,	4 10 2 7 6 5 3 11 9 8 0 1 
12544,	0.045,	0.0573948,	52010,	4 6 9 7 2 0 1 5 3 10 8 11 
16978,	0.073,	0.0573948,	61596,	2 4 8 11 3 10 5 6 7 0 9 1 
16976,	0.057,	0.0573948,	42548,	4 10 8 7 6 5 1 3 9 2 0 11 
14210,	0.055,	0.0573948,	47206,	10 4 7 8 11 2 9 5 0 3 6 1 
10192,	0.053,	0.0573948,	61512,	6 4 3 1 0 2 8 5 9 10 7 11 
17024,	0.074,	0.0573948,	47040,	0 3 11 9 6 5 1 10 8 4 7 2 
13328,	0.066,	0.0573948,	27828,	5 10 8 11 3 4 1 6 2 9 0 7 
12842,	0.079,	0.0573948,	43358,	4 10 9 2 6 5 7 0 11 3 8 1 
11198,	0.056,	0.0573948,	48466,	10 4 7 11 5 2 3 9 8 6 1 0 
14530,	0.078,	0.0573948,	36958,	6 4 9 2 0 10 7 3 8 5 1 11 
11944,	0.038,	0.0573948,	40050,	10 4 3 7 5 2 1 0 11 6 8 9 
11944,	0.032,	0.0573948,	45408,	10 4 3 7 5 2 1 0 11 6 8 9 
21084,	0.038,	0.0573948,	30508,	3 0 8 7 5 9 6 10 4 11 2 1 
17824,	0.074,	0.0573948,	37236,	3 5 0 7 2 10 9 1 4 8 6 11 
9552,	0.082,	0.0573948,	37778,	6 4 11 1 0 2 8 10 9 5 7 3 
14904,	0.057,	0.0573948,	45922,	4 6 11 7 10 9 8 5 0 3 1 2 
11514,	0.064,	0.0573948,	44868,	4 6 7 11 2 0 9 10 1 5 8 3 
15462,	0.046,	0.0573948,	41322,	3 5 2 8 1 10 11 4 0 9 6 7 
13336,	0.077,	0.0573948,	61810,	3 5 8 1 2 10 11 6 0 4 9 7 
14720,	0.053,	0.0573948,	47900,	3 0 9 1 2 6 7 4 8 10 11 5 
14228,	0.048,	0.0573948,	54370,	7 10 0 8 9 11 1 6 5 4 3 2 
13356,	0.065,	0.0573948,	53612,	6 4 11 9 0 2 8 5 10 3 7 1 
11498,	0.056,	0.0573948,	23408,	9 6 3 1 7 0 2 5 8 10 11 4 
9552,	0.079,	0.0573948,	53336,	6 4 11 1 0 2 8 10 9 5 7 3 
18370,	0.02,	0.0573948,	33880,	0 3 7 1 9 2 8 10 11 4 5 6 
11198,	0.067,	0.0573948,	38382,	10 4 7 11 5 2 3 9 8 6 1 0 
13700,	0.058,	0.0573948,	37158,	6 9 4 1 0 7 2 10 3 11 5 8 
13778,	0.052,	0.0573948,	47678,	11 10 0 1 8 5 3 6 9 4 7 2 
16416,	0.047,	0.0573948,	38860,	6 0 10 8 1 9 7 4 5 2 11 3 
17596,	0.022,	0.0573948,	57400,	5 3 4 11 10 1 2 9 8 6 7 0 
9552,	0.022,	0.0573948,	48576,	6 4 11 1 0 2 8 10 9 5 7 3 
16208,	0.035,	0.0573948,	42320,	10 4 3 7 5 6 2 1 0 8 9 11 
11216,	0.075,	0.0573948,	29920,	10 4 0 11 5 2 3 6 8 9 1 7 
16204,	0.061,	0.0573948,	51744,	4 10 9 7 6 5 0 3 8 2 1 11 
17192,	0.07,	0.0573948,	58254,	3 0 10 2 5 9 7 4 8 6 11 1 
17600,	0.05,	0.0573948,	50418,	6 1 9 0 4 8 7 5 3 10 2 11 
13898,	0.037,	0.0573948,	52964,	4 10 2 11 6 5 3 7 8 9 1 0 
19466,	0.035,	0.0573948,	45036,	1 3 9 2 8 5 7 4 10 6 11 0 
12610,	0.035,	0.0573948,	47590,	10 4 1 11 7 2 8 0 3 6 5 9 
13302,	0.062,	0.0573948,	34070,	3 5 8 1 2 10 11 7 4 9 6 0 
11374,	0.082,	0.0573948,	47654,	10 5 4 8 11 3 2 6 0 9 1 7 
13726,	0.055,	0.0573948,	36064,	9 6 10 1 7 0 5 4 8 2 11 3 
12816,	0.082,	0.0573948,	52040,	3 5 8 1 2 10 11 4 7 6 9 0 
18190,	0.053,	0.0573948,	43756,	5 3 4 8 11 2 6 9 0 7 1 10 
12062,	0.067,	0.0573948,	39638,	6 4 11 1 0 10 8 5 7 3 9 2 
13726,	0.048,	0.0573948,	36516,	9 6 10 1 7 0 5 4 8 2 11 3 
13080,	0.054,	0.0573948,	36826,	9 6 11 1 7 0 8 10 3 4 5 2 
19124,	0.033,	0.0573948,	40604,	0 3 8 1 9 2 11 6 10 4 5 7 
13156,	0.044,	0.0573948,	44244,	5 10 4 8 3 11 2 6 7 0 9 1 
11838,	0.071,	0.0573948,	43540,	6 4 11 1 0 9 8 5 3 10 2 7 
13448,	0.075,	0.0573948,	39636,	4 6 8 2 10 0 1 3 9 5 7 11 
13298,	0.053,	0.0573948,	30024,	3 5 8 1 2 10 11 6 7 4 0 9 
11668,	0.08,	0.0573948,	31228,	10 4 11 7 5 2 8 6 3 0 1 9 
17222,	0.071,	0.0573948,	44094,	10 5 4 11 7 8 6 2 9 3 0 1 
14530,	0.043,	0.0573948,	40420,	6 4 9 2 0 10 7 3 8 5 1 11 
16152,	0.042,	0.0573948,	48112,	3 0 5 7 2 6 11 10 1 4 8 9 
16118,	0.062,	0.0573948,	28294,	6 0 11 2 1 9 8 5 7 10 3 4 
13770,	0.067,	0.0573948,	47466,	10 4 7 8 11 6 9 5 0 3 1 2 
10580,	0.052,	0.0573948,	44412,	9 6 4 1 7 0 2 10 8 5 11 3 
13438,	0.073,	0.0573948,	56480,	5 10 9 11 3 4 7 6 8 0 1 2 
15782,	0.034,	0.0573948,	38364,	9 0 5 7 6 3 11 10 1 4 8 2 
12934,	0.061,	0.0573948,	57348,	10 5 7 2 4 3 8 9 1 6 11 0 
15320,	0.043,	0.0573948,	54540,	5 3 8 11 10 2 1 6 0 4 9 7 
15952,	0.05,	0.0573948,	51084,	10 4 8 7 5 6 1 3 0 2 9 11 
12284,	0.049,	0.0573948,	29834,	9 6 2 1 7 0 3 4 8 10 11 5 
18644,	0.035,	0.0573948,	38342,	1 6 4 11 8 0 2 9 3 7 5 10 
14934,	0.061,	0.0573948,	53564,	4 10 7 2 6 5 9 8 3 11 0 1 
13844,	0.032,	0.0573948,	23736,	3 5 1 8 2 10 11 0 4 9 6 7 
12734,	0.046,	0.0573948,	53906,	7 10 3 8 9 5 2 0 11 6 1 4 
10214,	0.053,	0.0573948,	38816,	6 4 3 9 0 2 1 5 11 10 8 7 
12174,	0.057,	0.0573948,	33936,	4 10 7 9 2 5 3 0 11 6 8 1 
9552,	0.086,	0.0573948,	39222,	6 4 11 1 0 2 8 10 9 5 7 3 
17734,	0.073,	0.0573948,	42300,	0 3 10 1 6 2 5 7 11 9 8 4 
15028,	0.061,	0.0573948,	53612,	3 0 8 1 5 6 11 10 9 4 7 2 
12472,	0.054,	0.0573948,	44524,	9 6 8 1 7 0 11 5 3 10 2 4 
18692,	0.077,	0.0573948,	42456,	6 1 3 11 9 8 0 5 2 10 4 7 
13298,	0.073,	0.0573948,	47854,	3 5 8 1 2 10 11 6 7 4 0 9 
12174,	0.07,	0.0573948,	49986,	4 10 7 9 2 5 3 0 11 6 8 1 
13182,	0.045,	0.0573948,	43860,	4 10 0 11 2 5 3 6 8 9 1 7 
14326,	0.045,	0.0573948,	50096,	4 6 8 2 10 0 11 7 3 9 5 1 
11838,	0.091,	0.0573948,	39828,	4 6 3 9 2 0 7 5 1 10 8 11 
17438,	0.039,	0.0573948,	41352,	5 3 0 8 11 2 1 6 4 9 10 7 
21404,	0.046,	0.0573948,	35022,	6 1 3 0 4 8 2 9 11 7 5 10 
12754,	0.044,	0.0573948,	46422,	6 9 3 1 0 7 5 2 8 4 11 10 
12190,	0.081,	0.0573948,	39350,	10 7 4 11 5 9 2 6 1 0 8 3 
11248,	0.05,	0.0573948,	48982,	3 5 9 1 2 10 7 4 11 6 8 0 
10506,	0.132,	0.0573948,	59106,	6 4 7 1 0 2 9 10 11 5 8 3 
14902,	0.033,	0.0573948,	49630,	4 10 7 2 6 11 8 9 5 0 3 1 
10240,	0.095,	0.0573948,	56906,	10 5 4 11 7 3 2 9 1 6 8 0 
11864,	0.064,	0.0573948,	43126,	5 10 9 8 3 11 7 6 1 4 0 2 
13348,	0.06,	0.0573948,	22952,	6 4 3 1 0 2 5 9 11 7 8 10 
17018,	0.039,	0.0573948,	43456,	9 6 3 0 7 4 2 1 10 8 5 11 
13476,	0.069,	0.0573948,	39032,	5 10 3 8 11 4 2 7 6 9 1 0 
13156,	0.058,	0.0573948,	46420,	5 10 4 8 3 11 2 6 7 0 9 1 
12062,	0.074,	0.0573948,	49626,	6 4 11 1 0 10 8 5 7 3 9 2 
13680,	0.075,	0.0573948,	24452,	10 4 3 7 5 9 2 0 8 6 11 1 
16268,	0.072,	0.0573948,	49688,	6 0 3 8 1 9 5 2 10 4 11 7 
10506,	0.07,	0.0573948,	41498,	6 4 7 1 0 2 9 10 11 5 8 3 
19124,	0.047,	0.0573948,	40082,	0 3 8 1 9 2 11 6 10 4 5 7 
11514,	0.072,	0.0573948,	44212,	4 6 7 11 2 0 9 10 1 5 8 3 
14382,	0.034,	0.0573948,	40100,	7 10 3 8 9 5 1 0 4 6 2 11 
11198,	0.103,	0.0573948,	46100,	10 4 7 11 5 2 3 9 8 6 1 0 
13184,	0.061,	0.0573948,	63260,	4 10 7 11 2 5 3 9 8 6 1 0 
20168,	0.041,	0.0573948,	45234,	8 11 4 7 1 10 2 9 5 6 3 0 
10240,	0.057,	0.0573948,	50808,	10 5 4 11 7 3 2 9 1 6 8 0 
14288,	0.058,	0.0573948,	39190,	6 0 4 1 9 3 2 5 8 10 11 7 
12300,	0.065,	0.0573948,	58622,	5 10 4 11 3 7 2 6 8 0 1 9 
16888,	0.042,	0.0573948,	39080,	3 5 6 1 2 8 0 4 7 10 9 11 
11688,	0.033,	0.0573948,	35972,	4 10 9 7 2 5 1 6 11 0 8 3 
16392,	0.035,	0.0573948,	49052,	4 6 5 7 2 9 10 3 8 0 11 1 
12352,	0.058,	0.0573948,	43348,	6 4 11 1 0 2 8 10 3 7 5 9 
12104,	0.052,	0.0573948,	35096,	5 10 0 8 3 11 1 6 7 4 9 2 
11558,	0.039,	0.0573948,	34594,	10 5 8 11 7 3 1 6 2 0 4 9 
13222,	0.047,	0.0573948,	50854,	5 10 3 7 11 4 2 0 8 6 1 9 
14986,	0.068,	0.0573948,	39034,	11 10 6 1 8 5 0 9 3 7 2 4 
10804,	0.103,	0.0573948,	26892,	6 9 11 1 0 7 8 10 4 5 2 3 
11688,	0.051,	0.0573948,	49278,	4 10 9 7 2 5 1 6 11 0 8 3 
10476,	0.042,	0.0573948,	45714,	4 6 7 9 2 0 8 10 1 5 11 3 
13094,	0.064,	0.0573948,	46180,	10 5 0 2 4 3 1 6 8 9 11 7 
13322,	0.046,	0.0573948,	44986,	4 6 11 2 10 0 8 5 9 3 7 1 
14816,	0.044,	0.0573948,	44564,	3 2 8 1 0 4 11 5 6 10 9 7 
11556,	0.052,	0.0573948,	49074,	4 6 11 9 2 0 1 10 7 5 8 3 
18246,	0.041,	0.0573948,	48166,	6 0 11 2 4 3 5 10 1 7 8 9 
13628,	0.072,	0.0573948,	41838,	5 10 8 11 3 4 1 6 9 0 7 2 
16104,	0.033,	0.0573948,	53134,	3 5 7 1 2 10 8 4 11 9 6 0 
14658,	0.033,	0.0573948,	25514,	4 10 11 2 6 7 8 5 9 3 0 1 
15404,	0.068,	0.0573948,	42940,	4 10 8 7 6 11 1 5 9 3 0 2 
15636,	0.085,	0.0573948,	46128,	4 6 9 2 10 0 7 1 3 8 5 11 
13680,	0.071,	0.0573948,	39294,	10 4 3 7 5 9 2 0 8 6 11 1 
11198,	0.064,	0.0573948,	37358,	10 4 7 11 5 2 3 9 8 6 1 0 
15876,	0.05,	0.0573948,	45548,	6 4 9 8 1 10 7 0 5 3 11 2 
16152,	0.052,	0.0573948,	39488,	3 0 5 7 2 6 11 10 1 4 8 9 
13430,	0.058,	0.0573948,	43352,	5 3 9 11 10 2 7 4 8 6 1 0 
11198,	0.067,	0.0573948,	43772,	10 4 7 11 5 2 3 9 8 6 1 0 
15440,	0.036,	0.0573948,	31124,	4 10 0 2 6 5 3 1 9 8 7 11 
17178,	0.029,	0.0573948,	55302,	3 5 6 0 2 10 4 11 7 8 9 1 
14424,	0.024,	0.0573948,	49878,	10 4 1 11 5 6 8 0 9 3 7 2 
10580,	0.059,	0.0573948,	46238,	9 6 4 1 7 0 2 10 8 5 11 3 
12190,	0.08,	0.0573948,	28918,	10 7 4 11 5 9 2 6 1 0 8 3 
17618,	0.061,	0.0573948,	42592,	7 10 11 8 9 5 1 2 4 3 6 0 
17126,	0.054,	0.0573948,	54954,	10 5 8 2 4 11 1 6 7 0 9 3 
14670,	0.054,	0.0573948,	37894,	4 6 5 2 10 0 3 7 8 9 11 1 
15782,	0.054,	0.0573948,	34544,	4 6 1 2 10 0 8 9 5 7 11 3 
12816,	0.083,	0.0573948,	63546,	3 5 8 1 2 10 11 4 7 6 9 0 
10506,	0.061,	0.0573948,	45402,	6 4 7 1 0 2 9 10 11 5 8 3 
15518,	0.067,	0.0573948,	37568,	4 10 6 9 2 5 0 11 3 8 7 1 
10096,	0.081,	0.0573948,	68394,	10 5 4 11 7 3 2 6 1 0 8 9 
11558,	0.066,	0.0573948,	45476,	10 5 8 11 7 3 1 6 2 0 4 9 
11646,	0.077,	0.0573948,	46398,	5 10 8 11 3 7 1 6 9 4 0 2 
16744,	0.033,	0.0573948,	27626,	6 4 3 9 0 2 5 1 10 8 7 11 
17260,	0.031,	0.0573948,	41778,	6 9 3 0 4 7 2 1 10 8 5 11 
15194,	0.062,	0.0573948,	39018,	3 2 0 1 5 4 6 9 8 7 11 10 
13076,	0.057,	0.0573948,	40708,	6 4 1 8 0 2 11 9 3 7 5 10 
13240,	0.083,	0.0573948,	45638,	3 5 2 8 1 10 11 4 7 6 9 0 
12284,	0.084,	0.0573948,	43478,	9 6 2 1 7 0 3 4 8 10 11 5 
17268,	0.063,	0.0573948,	54426,	3 2 0 1 5 4 6 10 9 11 7 8 
10240,	0.084,	0.0573948,	35510,	10 5 4 11 7 3 2 9 1 6 8 0 
16930,	0.045,	0.0573948,	35528,	5 3 9 1 8 2 7 4 0 10 6 11 
14750,	0.068,	0.0573948,	38942,	9 0 4 7 6 3 2 10 1 5 8 11 
12294,	0.082,	0.0573948,	45766,	4 10 3 2 6 5 1 7 11 9 8 0 
13166,	0.067,	0.0573948,	59578,	6 4 5 1 0 2 3 10 11 7 8 9 
15204,	0.069,	0.0573948,	44890,	3 2 7 8 1 4 9 10 6 5 0 11 
12216,	0.053,	0.0573948,	35590,	3 5 1 8 2 10 11 0 7 6 9 4 
11514,	0.028,	0.0573948,	47036,	4 6 7 11 2 0 9 10 1 5 8 3 
9916,	0.041,	0.0573948,	40824,	6 9 4 1 0 7 2 10 8 5 11 3 
13700,	0.037,	0.0573948,	42822,	6 9 4 1 0 7 2 10 3 11 5 8 
13430,	0.084,	0.0573948,	45840,	5 3 9 11 10 2 7 4 8 6 1 0 
13604,	0.077,	0.0573948,	47706,	10 7 1 11 5 9 8 0 3 6 2 4 
24936,	0.051,	0.0573948,	58510,	11 1 4 5 8 6 10 2 9 3 7 0 
16244,	0.061,	0.0573948,	37894,	3 0 2 1 5 6 8 4 9 10 7 11 
14514,	0.04,	0.0573948,	43780,	4 6 9 7 10 0 1 5 8 3 11 2 
11926,	0.066,	0.0573948,	30588,	4 6 10 9 2 0 7 5 8 3 11 1 
11374,	0.083,	0.0573948,	35416,	10 5 4 8 11 3 2 6 0 9 1 7 
17150,	0.04,	0.0573948,	42216,	2 3 6 11 4 5 0 9 8 7 1 10 
18644,	0.042,	0.0573948,	53654,	1 6 4 11 8 0 2 9 3 7 5 10 
12544,	0.046,	0.0573948,	41940,	4 6 9 7 2 0 1 5 3 10 8 11 
10688,	0.078,	0.0573948,	40204,	10 5 8 11 7 3 1 6 0 4 9 2 
14114,	0.067,	0.0573948,	31948,	4 10 6 9 2 7 0 3 8 5 1 11 
18956,	0.045,	0.0573948,	34778,	0 3 4 9 6 5 2 10 8 11 7 1 
17210,	0.029,	0.0573948,	42510,	2 3 0 8 4 5 1 6 10 9 11 7 
10688,	0.061,	0.0573948,	56298,	10 5 8 11 7 3 1 6 0 4 9 2 
13034,	0.034,	0.0573948,	44176,	3 5 6 1 2 10 0 4 11 9 8 7 
16844,	0.063,	0.0573948,	41136,	10 11 7 4 5 1 8 9 3 6 2 0 
12208,	0.066,	0.0573948,	38882,	9 6 11 1 7 0 8 10 2 5 4 3 
15890,	0.029,	0.0573948,	42140,	1 6 7 11 8 0 9 10 2 5 4 3 
11668,	0.092,	0.0573948,	34204,	10 4 11 7 5 2 8 6 3 0 1 9 
14002,	0.051,	0.0573948,	50624,	10 4 7 11 5 6 2 9 1 0 8 3 
11636,	0.041,	0.0573948,	46270,	10 4 7 11 5 2 9 0 3 6 8 1 
15306,	0.061,	0.0573948,	42240,	7 9 1 8 10 0 11 6 3 4 5 2 
19326,	0.067,	0.0573948,	38816,	6 1 3 11 0 8 5 2 7 4 9 10 
12444,	0.065,	0.0573948,	63852,	5 10 4 11 3 7 2 9 8 6 1 0 
11926,	0.054,	0.0573948,	47954,	4 6 10 9 2 0 7 5 8 3 11 1 
17774,	0.052,	0.0573948,	60980,	6 4 3 2 0 10 5 1 7 8 9 11 
12816,	0.094,	0.0573948,	45052,	3 5 8 1 2 10 11 4 7 6 9 0 
20258,	0.079,	0.0573948,	38250,	0 3 10 9 6 5 7 11 4 8 2 1 
16066,	0.043,	0.0573948,	57176,	4 6 10 7 9 0 5 11 3 8 2 1 
17370,	0.049,	0.0573948,	58140,	7 9 0 8 10 6 1 4 11 2 5 3 
13050,	0.05,	0.0573948,	32714,	9 6 10 0 7 4 11 5 8 3 1 2 
11248,	0.049,	0.0573948,	57218,	3 5 9 1 2 10 7 4 11 6 8 0 
18766,	0.038,	0.0573948,	54064,	11 10 8 2 1 4 6 5 9 3 7 0 
14288,	0.053,	0.0573948,	40800,	6 0 4 1 9 3 2 5 8 10 11 7 
14954,	0.063,	0.0573948,	48774,	4 6 5 7 2 9 3 10 0 11 1 8 
20622,	0.028,	0.0573948,	38552,	6 1 3 11 4 8 2 7 5 9 10 0 
12174,	0.074,	0.0573948,	41350,	4 10 7 9 2 5 3 0 11 6 8 1 
13356,	0.057,	0.0573948,	49606,	6 4 11 9 0 2 8 5 10 3 7 1 
15222,	0.061,	0.0573948,	45634,	3 2 8 1 0 4 6 5 9 10 7 11 
15010,	0.062,	0.0573948,	34980,	5 3 9 11 10 2 0 6 8 4 1 7 
11876,	0.061,	0.0573948,	49464,	10 7 2 11 5 9 3 4 1 6 8 0 
10804,	0.051,	0.0573948,	44660,	6 9 11 1 0 7 8 10 4 5 2 3 
14096,	0.056,	0.0573948,	49198,	5 10 9 8 3 11 7 4 1 6 2 0 
11754,	0.072,	0.0573948,	53862,	6 9 11 1 0 7 8 10 3 4 5 2 
13726,	0.059,	0.0573948,	50606,	9 6 10 1 7 0 5 4 8 2 11 3 
17026,	0.039,	0.0573948,	45322,	5 3 10 8 11 2 4 0 9 6 7 1 
12952,	0.038,	0.0573948,	38836,	4 10 0 2 6 5 3 7 11 9 8 1 
12208,	0.048,	0.0573948,	46942,	9 6 11 1 7 0 8 10 2 5 4 3 
14528,	0.031,	0.0573948,	37204,	7 10 11 8 9 5 1 4 3 6 2 0 
16202,	0.058,	0.0573948,	52384,	6 4 8 1 9 2 11 3 10 0 5 7 
12294,	0.047,	0.0573948,	58212,	4 10 3 2 6 5 1 7 11 9 8 0 
10214,	0.073,	0.0573948,	42066,	6 4 3 9 0 2 1 5 11 10 8 7 
16202,	0.061,	0.0573948,	41032,	6 4 8 1 9 2 11 3 10 0 5 7 
11838,	0.056,	0.0573948,	33744,	4 6 7 9 2 0 3 10 1 5 8 11 
14002,	0.066,	0.0573948,	58550,	10 4 7 11 5 6 2 9 1 0 8 3 
9552,	0.053,	0.0573948,	52298,	6 4 11 1 0 2 8 10 9 5 7 3 
12314,	0.067,	0.0573948,	53886,	6 4 9 1 0 10 7 5 11 3 8 2 
12816,	0.082,	0.0573948,	46930,	3 5 8 1 2 10 11 4 7 6 9 0 
12492,	0.053,	0.0573948,	36632,	6 9 5 1 0 7 3 10 8 4 11 2 
14806,	0.041,	0.0573948,	52698,	10 4 6 11 7 2 9 0 8 3 1 5 
17376,	0.065,	0.0573948,	35490,	10 11 6 8 5 1 0 4 9 2 7 3 
16080,	0.043,	0.0573948,	39084,	6 4 11 1 0 10 5 9 2 7 3 8 
16110,	0.039,	0.0573948,	40694,	5 3 9 8 11 2 7 6 0 4 1 10 
14762,	0.059,	0.0573948,	43340,	4 6 1 2 10 0 11 9 3 7 5 8 
13994,	0.099,	0.0573948,	45030,	4 10 1 7 9 5 11 0 3 6 2 8 
14116,	0.052,	0.0573948,	64014,	5 10 9 8 11 7 1 4 3 6 2 0 
13778,	0.045,	0.0573948,	47158,	11 10 0 1 8 5 3 6 9 4 7 2 
13322,	0.087,	0.0573948,	44330,	4 6 11 2 10 0 8 5 9 3 7 1 
12352,	0.084,	0.0573948,	59310,	6 4 11 1 0 2 8 10 3 7 5 9 
15518,	0.08,	0.0573948,	54918,	4 10 6 9 2 5 0 11 3 8 7 1 
17696,	0.063,	0.0573948,	43416,	4 6 1 2 10 8 11 0 3 9 5 7 
21470,	0.036,	0.0573948,	37220,	5 3 7 11 10 2 4 8 0 1 9 6 
13302,	0.038,	0.0573948,	41348,	3 5 8 1 2 10 11 7 4 9 6 0 
14258,	0.06,	0.0573948,	38944,	4 10 9 2 6 7 0 5 8 3 11 1 
10096,	0.055,	0.0573948,	48198,	10 5 4 11 7 3 2 6 1 0 8 9 
12754,	0.059,	0.0573948,	35908,	6 9 3 1 0 7 5 2 8 4 11 10 
17200,	0.047,	0.0573948,	42138,	0 3 2 9 6 5 11 4 8 10 1 7 
16276,	0.036,	0.0573948,	43690,	5 3 0 8 11 2 1 6 9 4 7 10 
13888,	0.046,	0.0573948,	36530,	0 6 11 2 1 4 8 10 9 5 7 3 
18242,	0.043,	0.0573948,	34058,	1 3 0 11 8 5 6 10 9 4 7 2 
18680,	0.08,	0.0573948,	40564,	7 9 3 0 10 6 5 2 1 4 8 11 
16834,	0.041,	0.0573948,	46110,	2 4 7 11 3 10 5 9 8 6 1 0 
11926,	0.055,	0.0573948,	39494,	4 6 10 9 2 0 7 5 8 3 11 1 
11198,	0.049,	0.0573948,	40134,	10 4 7 11 5 2 3 9 8 6 1 0 
15822,	0.056,	0.0573948,	44076,	3 2 9 1 0 4 6 5 11 10 8 7 
18794,	0.046,	0.0573948,	36652,	0 3 11 9 6 2 1 10 4 5 7 8 
14614,	0.064,	0.0573948,	48236,	4 6 5 11 2 0 3 10 1 7 8 9 
18644,	0.033,	0.0573948,	39178,	1 6 4 11 8 0 2 9 3 7 5 10 
17424,	0.043,	0.0573948,	44586,	5 3 4 8 11 2 10 6 0 9 1 7 
14986,	0.036,	0.0573948,	43268,	11 10 6 1 8 5 0 9 3 7 2 4 
10476,	0.041,	0.0573948,	49304,	4 6 7 9 2 0 8 10 1 5 11 3 
11852,	0.048,	0.0573948,	51306,	4 6 11 7 2 9 8 10 0 5 1 3 
12174,	0.082,	0.0573948,	47802,	4 10 7 9 2 5 3 0 11 6 8 1 
12096,	0.047,	0.0573948,	39548,	9 6 5 1 7 0 3 10 8 4 11 2 
13372,	0.061,	0.0573948,	42386,	10 4 11 7 5 9 8 6 3 0 2 1 
19684,	0.056,	0.0573948,	36174,	6 1 2 0 4 8 3 10 7 5 9 11 
15624,	0.088,	0.0573948,	57342,	3 2 8 1 5 4 11 6 10 0 7 9 
11678,	0.065,	0.0573948,	67292,	10 4 8 11 5 2 1 6 9 0 7 3 
9552,	0.065,	0.0573948,	57314,	6 4 11 1 0 2 8 10 9 5 7 3 
11852,	0.046,	0.0573948,	25730,	4 6 11 7 2 9 8 10 0 5 1 3 
12314,	0.039,	0.0573948,	41322,	6 4 9 1 0 10 7 5 11 3 8 2 
14602,	0.041,	0.0573948,	40342,	6 4 8 1 0 2 11 7 10 9 5 3 
11592,	0.051,	0.0573948,	36698,	3 5 9 1 0 10 7 6 11 4 8 2 
17150,	0.043,	0.0573948,	44234,	2 3 6 11 4 5 0 9 8 7 1 10 
11198,	0.077,	0.0573948,	59570,	10 4 7 11 5 2 3 9 8 6 1 0 
15158,	0.047,	0.0573948,	45084,	5 10 9 8 11 7 0 4 1 2 6 3 
12980,	0.019,	0.0573948,	40204,	10 7 6 11 5 9 0 4 1 2 8 3 
18274,	0.062,	0.0573948,	65932,	6 1 3 9 0 8 7 5 2 10 4 11 
11684,	0.092,	0.0573948,	45444,	10 4 9 11 5 2 7 6 8 0 1 3 
13902,	0.05,	0.0573948,	42736,	9 6 8 0 7 4 1 5 10 3 11 2 
16424,	0.052,	0.0573948,	57076,	9 6 1 2 7 0 8 3 10 5 4 11 
11402,	0.058,	0.0573948,	36176,	10 5 4 8 11 3 2 6 7 0 9 1 
16776,	0.039,	0.0573948,	44776,	8 5 3 1 11 10 2 0 7 6 9 4 
13430,	0.081,	0.0573948,	40490,	5 3 9 11 10 2 7 4 8 6 1 0 
17024,	0.038,	0.0573948,	32736,	0 3 11 9 6 5 1 10 8 4 7 2 
16560,	0.057,	0.0573948,	33342,	3 2 5 8 1 4 11 10 6 7 0 9 
16290,	0.067,	0.0573948,	29842,	2 4 11 0 3 10 5 6 8 9 1 7 
14270,	0.058,	0.0573948,	41754,	10 4 3 2 5 6 1 7 8 9 11 0 
14086,	0.06,	0.0573948,	29696,	4 10 6 7 9 5 1 0 11 3 8 2 
12560,	0.049,	0.0573948,	44018,	5 10 8 11 3 7 1 6 4 0 2 9 
15652,	0.044,	0.0573948,	61276,	0 3 7 9 6 5 8 10 11 4 1 2 
20930,	0.032,	0.0573948,	30400,	3 8 9 1 2 11 0 5 6 10 4 7 
11374,	0.08,	0.0573948,	42208,	10 5 4 8 11 3 2 6 0 9 1 7 
20472,	0.03,	0.0573948,	53830,	11 6 8 5 10 0 1 4 9 2 7 3 
17674,	0.042,	0.0573948,	56122,	11 6 10 1 8 4 5 7 2 9 3 0 
13692,	0.054,	0.0573948,	47298,	10 5 0 2 7 3 1 9 8 6 11 4 
12076,	0.059,	0.0573948,	32884,	4 6 3 7 2 9 0 5 1 10 8 11 
13278,	0.048,	0.0573948,	59730,	6 4 1 9 0 2 8 3 10 5 7 11 
19574,	0.048,	0.0573948,	52376,	1 3 9 11 8 2 0 5 4 10 6 7 
13430,	0.074,	0.0573948,	39260,	5 3 9 11 10 2 7 4 8 6 1 0 
10096,	0.063,	0.0573948,	49416,	10 5 4 11 7 3 2 6 1 0 8 9 
17084,	0.058,	0.0573948,	42982,	0 3 10 1 9 5 7 6 11 4 8 2 
17178,	0.08,	0.0573948,	47462,	3 5 6 0 2 10 4 11 7 8 9 1 
11926,	0.053,	0.0573948,	53720,	4 6 10 9 2 0 7 5 8 3 11 1 
11198,	0.054,	0.0573948,	52562,	10 4 7 11 5 2 3 9 8 6 1 0 
14304,	0.041,	0.0573948,	40320,	11 10 6 1 8 5 0 4 3 9 2 7 
18888,	0.061,	0.0573948,	49680,	3 0 7 2 5 6 8 10 4 11 9 1 
13002,	0.087,	0.0573948,	45278,	6 9 10 1 0 7 5 4 8 2 11 3 
11646,	0.065,	0.0573948,	35018,	5 10 8 11 3 7 1 6 9 4 0 2 
12284,	0.044,	0.0573948,	54492,	9 6 2 1 7 0 3 4 8 10 11 5 
20324,	0.032,	0.0573948,	40936,	4 2 6 5 10 3 0 11 7 8 9 1 
15280,	0.051,	0.0573948,	38426,	5 3 8 11 10 2 1 7 4 9 6 0 
14614,	0.054,	0.0573948,	41300,	4 6 5 11 2 0 3 10 1 7 8 9 
9552,	0.06,	0.0573948,	52868,	6 4 11 1 0 2 8 10 9 5 7 3 
18246,	0.052,	0.0573948,	49312,	6 0 11 2 4 3 5 10 1 7 8 9 
12284,	0.049,	0.0573948,	34074,	9 6 2 1 7 0 3 4 8 10 11 5 
10476,	0.076,	0.0573948,	44548,	4 6 7 9 2 0 8 10 1 5 11 3 
17980,	0.065,	0.0573948,	46872,	0 3 10 2 6 5 11 7 8 9 1 4 
11556,	0.087,	0.0573948,	58148,	4 6 11 9 2 0 1 10 7 5 8 3 
11498,	0.063,	0.0573948,	48264,	9 6 3 1 7 0 2 5 8 10 11 4 
11838,	0.044,	0.0573948,	30414,	4 6 7 9 2 0 3 10 1 5 8 11 
11514,	0.085,	0.0573948,	42644,	4 6 7 11 2 0 9 10 1 5 8 3 
17126,	0.069,	0.0573948,	36692,	10 5 8 2 4 11 1 6 7 0 9 3 
17438,	0.05,	0.0573948,	46098,	5 3 0 8 11 2 1 6 4 9 10 7 
17562,	0.064,	0.0573948,	47990,	7 10 4 8 9 11 2 5 6 3 0 1 
10240,	0.049,	0.0573948,	52440,	10 5 4 11 7 3 2 9 1 6 8 0 
15632,	0.058,	0.0573948,	43346,	4 10 11 7 6 5 8 2 9 3 0 1 
13328,	0.073,	0.0573948,	50888,	5 10 8 11 3 4 1 6 2 9 0 7 
12576,	0.045,	0.0573948,	39752,	10 4 8 11 7 6 1 5 0 3 9 2 
11688,	0.068,	0.0573948,	62298,	4 10 9 7 2 5 1 6 11 0 8 3 
20548,	0.041,	0.0573948,	28990,	6 1 11 0 4 8 5 10 3 7 2 9 
17562,	0.039,	0.0573948,	63508,	7 10 4 8 9 11 2 5 6 3 0 1 
15072,	0.045,	0.0573948,	48578,	9 6 8 1 7 0 11 5 10 3 4 2 
19832,	0.029,	0.0573948,	57366,	2 3 0 1 4 5 6 10 9 11 7 8 
18244,	0.055,	0.0573948,	43690,	10 5 6 11 4 8 1 0 7 3 9 2 
13526,	0.054,	0.0573948,	44972,	4 10 6 11 2 5 1 0 3 9 8 7 
13322,	0.044,	0.0573948,	26898,	4 6 11 2 10 0 8 5 9 3 7 1 
12370,	0.065,	0.0573948,	50536,	10 4 3 11 5 2 8 0 9 6 7 1 
16870,	0.049,	0.0573948,	49194,	4 6 3 2 10 0 5 1 9 8 7 11 
11216,	0.096,	0.0573948,	40432,	10 4 0 11 5 2 3 6 8 9 1 7 
19174,	0.042,	0.0573948,	50100,	6 0 8 2 1 9 7 3 4 5 10 11 
16080,	0.019,	0.0573948,	34386,	4 10 8 9 2 11 1 5 6 3 0 7 
16690,	0.052,	0.0573948,	36704,	0 3 6 2 9 5 1 4 11 10 8 7 
12816,	0.113,	0.0573948,	60914,	3 5 8 1 2 10 11 4 7 6 9 0 
18926,	0.044,	0.0573948,	34804,	2 3 7 6 4 0 9 10 1 5 8 11 
11498,	0.054,	0.0573948,	51300,	9 6 3 1 7 0 2 5 8 10 11 4 
12968,	0.056,	0.0573948,	46470,	0 6 3 2 1 4 8 5 9 10 7 11 
11558,	0.046,	0.0573948,	50436,	10 5 8 11 7 3 1 6 2 0 4 9 
11326,	0.046,	0.0573948,	36422,	4 6 3 9 2 0 1 5 8 10 11 7 
12314,	0.079,	0.0573948,	39200,	6 4 9 1 0 10 7 5 11 3 8 2 
16454,	0.077,	0.0573948,	40842,	6 0 8 1 9 3 7 10 5 4 11 2 
16908,	0.051,	0.0573948,	45494,	3 0 1 7 5 9 8 6 10 4 11 2 
16728,	0.053,	0.0573948,	48888,	10 11 4 8 5 1 2 6 3 9 0 7 
13430,	0.061,	0.0573948,	44926,	5 3 9 11 10 2 7 4 8 6 1 0 
11678,	0.065,	0.0573948,	44162,	10 4 8 11 5 2 1 6 9 0 7 3 
9552,	0.096,	0.0573948,	44762,	6 4 11 1 0 2 8 10 9 5 7 3 
17222,	0.039,	0.0573948,	46688,	10 5 4 11 7 8 6 2 9 3 0 1 
10240,	0.071,	0.0573948,	45038,	10 5 4 11 7 3 2 9 1 6 8 0 
18908,	0.064,	0.0573948,	29162,	4 2 6 7 9 3 0 11 5 8 10 1 
16510,	0.033,	0.0573948,	46312,	9 6 8 0 7 4 11 2 10 3 5 1 
15992,	0.045,	0.0573948,	50838,	4 10 2 7 6 5 3 11 9 8 0 1 
16570,	0.061,	0.0573948,	38362,	6 4 7 11 1 2 8 9 10 0 5 3 
12968,	0.06,	0.0573948,	37160,	0 6 3 2 1 4 8 5 9 10 7 11 
14486,	0.043,	0.0573948,	55726,	3 5 4 7 1 10 2 6 11 0 8 9 
13298,	0.056,	0.0573948,	48104,	3 5 8 1 2 10 11 6 7 4 0 9 
17332,	0.037,	0.0573948,	42174,	4 2 7 10 6 3 8 9 5 0 11 1 
12174,	0.086,	0.0573948,	62142,	4 10 7 9 2 5 3 0 11 6 8 1 
17294,	0.048,	0.0573948,	33452,	3 5 7 0 2 10 9 8 4 11 6 1 
14904,	0.044,	0.0573948,	58212,	4 6 11 7 10 9 8 5 0 3 1 2 
13692,	0.05,	0.0573948,	33792,	10 5 0 2 7 3 1 9 8 6 11 4 
19124,	0.04,	0.0573948,	47678,	0 3 8 1 9 2 11 6 10 4 5 7 
18460,	0.048,	0.0573948,	49876,	9 0 1 2 7 3 8 6 5 4 11 10 
16516,	0.086,	0.0573948,	46358,	3 2 7 1 5 4 9 10 6 11 0 8 
10476,	0.068,	0.0573948,	46854,	4 6 7 9 2 0 8 10 1 5 11 3 
21726,	0.035,	0.0573948,	39188,	7 9 8 5 10 0 11 6 2 1 4 3 
14934,	0.051,	0.0573948,	52686,	4 10 7 2 6 5 9 8 3 11 0 1 
11198,	0.087,	0.0573948,	54976,	10 4 7 11 5 2 3 9 8 6 1 0 
13662,	0.048,	0.0573948,	54498,	11 10 9 1 8 5 7 6 3 4 0 2 
11010,	0.073,	0.0573948,	29948,	10 5 0 8 11 3 1 6 7 4 9 2 
11678,	0.077,	0.0573948,	39800,	10 4 8 11 5 2 1 6 9 0 7 3 
10804,	0.054,	0.0573948,	33934,	6 9 11 1 0 7 8 10 4 5 2 3 
14642,	0.047,	0.0573948,	46714,	10 4 1 7 5 9 11 0 3 6 2 8 
11754,	0.049,	0.0573948,	45936,	6 9 11 1 0 7 8 10 3 4 5 2 
12294,	0.071,	0.0573948,	31852,	4 10 3 2 6 5 1 7 11 9 8 0 
13430,	0.065,	0.0573948,	49802,	5 3 9 11 10 2 7 4 8 6 1 0 
13628,	0.055,	0.0573948,	58198,	5 10 8 11 3 4 1 6 9 0 7 2 
14280,	0.039,	0.0573948,	22132,	4 10 5 2 6 11 3 7 8 9 1 0 
15678,	0.071,	0.0573948,	57162,	9 4 1 0 7 10 6 5 11 3 8 2 
14468,	0.057,	0.0573948,	37206,	5 3 1 11 10 2 8 0 9 6 7 4 
14720,	0.025,	0.0573948,	24000,	3 0 9 1 2 6 7 4 8 10 11 5 
17676,	0.032,	0.0573948,	51380,	6 4 3 2 0 10 5 8 7 11 9 1 
13476,	0.07,	0.0573948,	50062,	5 10 3 8 11 4 2 7 6 9 1 0 
12412,	0.056,	0.0573948,	46880,	4 6 10 7 2 9 11 5 1 3 8 0 
19340,	0.045,	0.0573948,	26882,	5 3 4 11 10 0 2 6 9 1 7 8 
15136,	0.041,	0.0573948,	35372,	10 5 6 11 4 3 1 9 2 7 0 8 
15992,	0.068,	0.0573948,	33972,	4 10 2 7 6 5 3 11 9 8 0 1 
16484,	0.053,	0.0573948,	38922,	3 0 8 1 5 9 11 6 7 4 10 2 
11556,	0.082,	0.0573948,	50858,	4 6 11 9 2 0 1 10 7 5 8 3 
13068,	0.087,	0.0573948,	49976,	5 10 4 8 3 11 2 6 1 9 0 7 
14614,	0.039,	0.0573948,	53142,	4 6 5 11 2 0 3 10 1 7 8 9 
10906,	0.052,	0.0573948,	38706,	6 4 9 1 0 2 7 5 3 10 8 11 
12130,	0.047,	0.0573948,	55264,	4 10 3 7 2 5 1 0 11 6 8 9 
17056,	0.029,	0.0573948,	32858,	3 5 7 8 1 11 9 10 6 4 0 2 
14024,	0.043,	0.0573948,	57290,	0 6 7 1 3 9 8 10 4 5 2 11 
13820,	0.045,	0.0573948,	52240,	10 4 8 2 5 6 11 7 1 9 3 0 
15930,	0.064,	0.0573948,	48246,	6 0 11 8 1 9 5 10 7 4 3 2 
15632,	0.044,	0.0573948,	49790,	4 10 11 7 6 5 8 2 9 3 0 1 
11558,	0.102,	0.0573948,	48440,	10 5 8 11 7 3 1 6 2 0 4 9 
12208,	0.054,	0.0573948,	41428,	9 6 11 1 7 0 8 10 2 5 4 3 
20716,	0.064,	0.0573948,	44380,	3 0 9 2 5 6 7 1 4 8 10 11 
18208,	0.037,	0.0573948,	43886,	10 5 6 7 4 3 9 11 2 8 0 1 
14928,	0.04,	0.0573948,	40704,	9 6 5 1 7 0 10 3 8 2 11 4 
15246,	0.025,	0.0573948,	51176,	11 10 4 1 8 5 6 7 3 9 2 0 
10240,	0.051,	0.0573948,	34596,	10 5 4 11 7 3 2 9 1 6 8 0 
18108,	0.029,	0.0573948,	52054,	5 3 0 8 11 2 1 9 4 7 6 10 
13600,	0.042,	0.0573948,	31264,	4 10 8 7 9 5 11 6 3 0 2 1 
10824,	0.072,	0.0573948,	45566,	6 4 3 9 0 2 7 5 8 10 1 11 
13430,	0.039,	0.0573948,	43986,	5 3 9 11 10 2 7 4 8 6 1 0 
15438,	0.051,	0.0573948,	58004,	5 3 10 8 11 2 7 4 0 6 1 9 
23130,	0.052,	0.0573948,	46824,	3 7 6 2 5 9 0 11 4 8 10 1 
16468,	0.045,	0.0573948,	29806,	2 4 1 7 3 10 8 0 5 6 11 9 
10096,	0.059,	0.0573948,	59452,	10 5 4 11 7 3 2 6 1 0 8 9 
16830,	0.059,	0.0573948,	52250,	0 3 4 1 6 5 2 9 11 7 8 10 
16702,	0.045,	0.0573948,	40374,	10 4 6 7 5 2 9 11 3 8 0 1 
18914,	0.033,	0.0573948,	34880,	10 5 1 7 4 11 8 0 6 3 9 2 
13156,	0.036,	0.0573948,	50846,	5 10 4 8 3 11 2 6 7 0 9 1 
16930,	0.049,	0.0573948,	33346,	5 3 9 8 11 2 0 4 6 10 1 7 
11198,	0.081,	0.0573948,	48572,	10 4 7 11 5 2 3 9 8 6 1 0 
16816,	0.041,	0.0573948,	52212,	9 4 8 0 7 2 6 5 10 3 11 1 
19678,	0.04,	0.0573948,	41782,	1 3 8 11 6 5 7 10 9 4 0 2 
13156,	0.055,	0.0573948,	65494,	5 10 4 8 3 11 2 6 7 0 9 1 
17890,	0.048,	0.0573948,	41550,	3 5 9 8 2 11 0 4 1 10 6 7 
10096,	0.053,	0.0573948,	49644,	10 5 4 11 7 3 2 6 1 0 8 9 
12576,	0.067,	0.0573948,	57742,	10 4 8 11 7 6 1 5 0 3 9 2 
11374,	0.073,	0.0573948,	46604,	10 5 4 8 11 3 2 6 0 9 1 7 
23424,	0.036,	0.0573948,	46752,	0 3 6 7 9 2 1 8 4 11 10 5 
12986,	0.056,	0.0573948,	39488,	5 10 9 8 11 4 7 0 2 6 3 1 
17332,	0.05,	0.0573948,	48840,	4 2 7 6 10 3 8 9 5 0 11 1 
12490,	0.068,	0.0573948,	40486,	4 10 8 7 2 5 11 6 3 0 1 9 
21246,	0.052,	0.0573948,	48808,	10 11 6 8 7 1 9 0 2 3 4 5 
12392,	0.079,	0.0573948,	44868,	5 10 3 8 11 4 2 0 9 6 7 1 
17150,	0.077,	0.0573948,	43136,	2 3 6 11 4 5 0 9 8 7 1 10 
16516,	0.031,	0.0573948,	25476,	3 2 7 1 5 4 9 10 6 11 0 8 
12300,	0.079,	0.0573948,	41210,	5 10 4 11 3 7 2 6 8 0 1 9 
11498,	0.044,	0.0573948,	31300,	9 6 3 1 7 0 2 5 8 10 11 4 
13264,	0.058,	0.0573948,	48530,	10 5 8 11 4 3 1 6 2 9 0 7 
11216,	0.063,	0.0573948,	44376,	10 4 0 11 5 2 3 6 8 9 1 7 
17462,	0.054,	0.0573948,	55494,	11 6 10 1 8 0 5 4 9 2 7 3 
13222,	0.069,	0.0573948,	54796,	5 10 3 7 11 4 2 0 8 6 1 9 
11248,	0.078,	0.0573948,	50318,	3 5 9 1 2 10 7 4 11 6 8 0 
11596,	0.049,	0.0573948,	56190,	4 6 11 9 2 0 8 5 3 10 1 7 
11926,	0.053,	0.0573948,	55274,	4 6 10 9 2 0 7 5 8 3 11 1 
13256,	0.065,	0.0573948,	41704,	10 4 7 11 5 6 9 0 1 3 8 2 
13476,	0.063,	0.0573948,	40436,	5 10 3 8 11 4 2 7 6 9 1 0 
13026,	0.037,	0.0573948,	37244,	7 10 3 8 9 5 0 2 11 4 1 6 
13348,	0.04,	0.0573948,	32448,	6 4 3 1 0 2 5 9 11 7 8 10 
19174,	0.029,	0.0573948,	53310,	6 0 8 2 1 9 7 3 4 5 10 11 
10476,	0.062,	0.0573948,	39546,	4 6 7 9 2 0 8 10 1 5 11 3 
14786,	0.047,	0.0573948,	45292,	3 5 1 7 2 10 11 0 4 6 9 8 
12216,	0.086,	0.0573948,	55848,	3 5 1 8 2 10 11 0 7 6 9 4 
16510,	0.05,	0.0573948,	43924,	9 6 8 0 7 4 11 2 10 3 5 1 
12294,	0.098,	0.0573948,	56962,	4 10 3 2 6 5 1 7 11 9 8 0 
12246,	0.045,	0.0573948,	35644,	3 5 0 1 2 10 7 6 11 4 8 9 
17214,	0.038,	0.0573948,	36168,	4 6 8 7 2 9 11 3 5 0 10 1 
16302,	0.032,	0.0573948,	34136,	0 3 6 7 9 2 1 4 11 10 8 5 
11688,	0.054,	0.0573948,	41232,	4 10 9 7 2 5 1 6 11 0 8 3 
11560,	0.074,	0.0573948,	49308,	9 6 8 0 7 4 1 5 2 10 3 11 
12174,	0.064,	0.0573948,	49756,	4 10 7 9 2 5 3 0 11 6 8 1 
12392,	0.087,	0.0573948,	44102,	5 10 3 8 11 4 2 0 9 6 7 1 
14986,	0.028,	0.0573948,	33918,	11 10 6 1 8 5 0 9 3 7 2 4 
10192,	0.1,	0.0573948,	38064,	6 4 3 1 0 2 8 5 9 10 7 11 
15624,	0.053,	0.0573948,	40834,	3 2 8 1 5 4 11 6 10 0 7 9 
21246,	0.033,	0.0573948,	52932,	10 11 6 8 7 1 9 0 2 3 4 5 
11668,	0.08,	0.0573948,	30936,	10 4 11 7 5 2 8 6 3 0 1 9 
17064,	0.039,	0.0573948,	38020,	7 9 5 0 10 6 11 3 1 2 8 4 
18794,	0.042,	0.0573948,	47984,	0 3 11 9 6 2 1 10 4 5 7 8 
14784,	0.061,	0.0573948,	61108,	4 10 8 2 6 7 1 3 9 5 0 11 
10096,	0.049,	0.0573948,	43082,	10 5 4 11 7 3 2 6 1 0 8 9 
16640,	0.061,	0.0573948,	41976,	3 5 2 1 0 10 4 9 11 7 6 8 
11326,	0.05,	0.0573948,	52784,	4 6 3 9 2 0 1 5 8 10 11 7 
12986,	0.031,	0.0573948,	43318,	5 10 9 8 11 4 7 0 2 6 3 1 
17460,	0.023,	0.0573948,	31492,	3 0 5 8 2 6 11 10 9 4 1 7 
17726,	0.044,	0.0573948,	46838,	10 5 6 7 4 11 9 0 8 3 1 2 
19944,	0.038,	0.0573948,	28274,	6 1 9 0 4 8 7 5 11 3 10 2 
11926,	0.075,	0.0573948,	58538,	4 6 10 9 2 0 7 5 8 3 11 1 
11216,	0.073,	0.0573948,	44546,	10 4 0 11 5 2 3 6 8 9 1 7 
13336,	0.053,	0.0573948,	52320,	3 5 8 1 2 10 11 6 0 4 9 7 
17590,	0.054,	0.0573948,	48582,	1 6 3 11 8 4 2 7 10 9 5 0 
10906,	0.059,	0.0573948,	36284,	6 4 9 1 0 2 7 5 3 10 8 11 
11216,	0.056,	0.0573948,	36108,	10 4 0 11 5 2 3 6 8 9 1 7 
10240,	0.072,	0.0573948,	37576,	10 5 4 11 7 3 2 9 1 6 8 0 
14106,	0.064,	0.0573948,	38292,	4 2 7 9 6 3 0 10 1 5 8 11 
15194,	0.05,	0.0573948,	52878,	3 2 0 1 5 4 6 9 8 7 11 10 
14424,	0.065,	0.0573948,	37060,	4 10 9 7 6 5 0 2 11 3 8 1 
15406,	0.025,	0.0573948,	45810,	10 4 0 8 11 2 6 5 9 3 7 1 
17510,	0.077,	0.0573948,	38690,	3 7 10 2 5 9 11 4 1 6 8 0 
13576,	0.042,	0.0573948,	35186,	10 4 8 11 7 2 1 5 6 3 9 0 
11558,	0.073,	0.0573948,	45184,	10 5 8 11 7 3 1 6 2 0 4 9 
13034,	0.047,	0.0573948,	48480,	3 5 6 1 2 10 0 4 11 9 8 7 
14496,	0.053,	0.0573948,	36412,	4 10 9 7 2 11 1 0 5 6 3 8 
12548,	0.101,	0.0573948,	47216,	5 10 1 11 3 7 8 0 4 6 2 9 
16784,	0.035,	0.0573948,	60108,	4 6 5 2 10 9 11 3 1 0 8 7 
10122,	0.066,	0.0573948,	48206,	10 5 0 11 7 3 9 6 1 4 8 2 
15320,	0.076,	0.0573948,	37062,	5 3 8 11 10 2 1 6 0 4 9 7 
21470,	0.038,	0.0573948,	54664,	5 3 7 11 10 2 4 8 0 1 9 6 
13302,	0.05,	0.0573948,	47610,	3 5 8 1 2 10 11 7 4 9 6 0 
18926,	0.037,	0.0573948,	33736,	2 3 7 6 4 0 9 10 1 5 8 11 
17504,	0.05,	0.0573948,	58622,	10 5 0 2 4 3 6 1 7 8 9 11 
13264,	0.065,	0.0573948,	51938,	10 5 8 11 4 3 1 6 2 9 0 7 
17656,	0.058,	0.0573948,	51212,	10 11 0 8 5 1 3 6 2 9 4 7 
11926,	0.091,	0.0573948,	39292,	4 6 10 9 2 0 7 5 8 3 11 1 
13356,	0.065,	0.0573948,	50066,	6 4 11 9 0 2 8 5 10 3 7 1 
14934,	0.053,	0.0573948,	41456,	4 10 7 2 6 5 9 8 3 11 0 1 
12392,	0.055,	0.0573948,	53070,	5 10 3 8 11 4 2 0 9 6 7 1 
17674,	0.054,	0.0573948,	37058,	11 6 10 1 8 4 5 7 2 9 3 0 
12062,	0.077,	0.0573948,	41080,	6 4 11 1 0 10 8 5 7 3 9 2 
14114,	0.057,	0.0573948,	57992,	4 10 6 9 2 7 0 3 8 5 1 11 
10214,	0.053,	0.0573948,	42288,	6 4 3 9 0 2 1 5 11 10 8 7 
10214,	0.056,	0.0573948,	38336,	6 4 3 9 0 2 1 5 11 10 8 7 
17284,	0.062,	0.0573948,	53300,	0 3 7 9 6 2 4 10 8 5 1 11 
11668,	0.094,	0.0573948,	49408,	10 4 11 7 5 2 8 6 3 0 1 9 
16744,	0.055,	0.0573948,	37312,	6 4 3 9 0 2 5 1 10 8 7 11 
11198,	0.057,	0.0573948,	41100,	10 4 7 11 5 2 3 9 8 6 1 0 
15990,	0.045,	0.0573948,	36022,	9 4 3 1 7 10 2 0 5 6 11 8 
11198,	0.052,	0.0573948,	47698,	10 4 7 11 5 2 3 9 8 6 1 0 
15986,	0.05,	0.0573948,	48380,	6 4 3 2 0 10 5 9 11 7 1 8 
14130,	0.05,	0.0573948,	53452,	6 0 3 8 1 9 7 5 4 10 2 11 
12300,	0.055,	0.0573948,	35616,	5 10 4 11 3 7 2 6 8 0 1 9 
17024,	0.048,	0.0573948,	43312,	10 11 9 8 5 1 7 6 3 4 0 2 
10096,	0.045,	0.0573948,	35656,	10 5 4 11 7 3 2 6 1 0 8 9 
12548,	0.052,	0.0573948,	54224,	5 10 1 11 3 7 8 0 4 6 2 9 
11944,	0.058,	0.0573948,	41164,	10 4 3 7 5 2 1 0 11 6 8 9 
17034,	0.067,	0.0573948,	43638,	5 10 9 11 3 4 7 6 2 1 0 8 
19568,	0.051,	0.0573948,	54130,	6 1 4 11 9 8 2 5 3 10 0 7 
13090,	0.052,	0.0573948,	52486,	3 5 0 1 2 10 6 7 11 9 8 4 
13238,	0.066,	0.0573948,	40068,	9 6 3 1 7 0 5 2 8 4 11 10 
11596,	0.034,	0.0573948,	37916,	4 6 11 9 2 0 8 5 3 10 1 7 
17222,	0.096,	0.0573948,	47354,	10 5 4 11 7 8 6 2 9 3 0 1 
12370,	0.028,	0.0573948,	40618,	10 4 3 11 5 2 8 0 9 6 7 1 
10214,	0.052,	0.0573948,	61056,	6 4 3 9 0 2 1 5 11 10 8 7 
10906,	0.104,	0.0573948,	47624,	6 4 9 1 0 2 7 5 3 10 8 11 
12744,	0.043,	0.0573948,	52098,	4 10 7 2 6 5 3 9 11 0 8 1 
14966,	0.046,	0.0573948,	42414,	4 10 9 11 6 5 7 0 8 3 1 2 
12460,	0.071,	0.0573948,	41488,	4 6 8 7 2 9 1 5 0 10 3 11 
10214,	0.096,	0.0573948,	47968,	6 4 3 9 0 2 1 5 11 10 8 7 
16216,	0.036,	0.0573948,	55296,	11 10 4 1 8 5 2 9 0 7 6 3 
17952,	0.045,	0.0573948,	39672,	7 9 10 5 3 0 11 6 1 4 8 2 
11216,	0.096,	0.0573948,	36062,	10 4 0 11 5 2 3 6 8 9 1 7 
10096,	0.102,	0.0573948,	64388,	10 5 4 11 7 3 2 6 1 0 8 9 
17680,	0.05,	0.0573948,	36414,	3 0 2 9 5 6 11 4 1 10 8 7 
15918,	0.039,	0.0573948,	45726,	7 9 8 3 10 0 1 6 5 4 11 2 
11688,	0.043,	0.0573948,	41190,	4 10 9 7 2 5 1 6 11 0 8 3 
14876,	0.055,	0.0573948,	40610,	5 3 8 11 10 2 1 4 9 6 7 0 
12744,	0.066,	0.0573948,	42738,	4 10 7 2 6 5 3 9 11 0 8 1 
12974,	0.078,	0.0573948,	49760,	10 5 7 2 4 3 9 0 8 6 11 1 
17860,	0.071,	0.0573948,	58006,	6 0 11 8 1 3 5 10 2 7 4 9 
21668,	0.018,	0.0573948,	47268,	1 3 5 0 8 2 11 10 4 7 6 9 
18638,	0.052,	0.0573948,	45976,	11 10 6 2 1 4 0 3 9 5 7 8 
16152,	0.052,	0.0573948,	37146,	3 0 5 7 2 6 11 10 1 4 8 9 
17314,	0.04,	0.0573948,	57522,	3 7 8 1 2 9 11 5 6 10 0 4 
15306,	0.064,	0.0573948,	38374,	7 9 1 8 10 0 11 6 3 4 5 2 
11852,	0.098,	0.0573948,	44108,	4 6 11 7 2 9 8 10 0 5 1 3 
17222,	0.051,	0.0573948,	29940,	10 5 4 11 7 8 6 2 9 3 0 1 
13662,	0.089,	0.0573948,	48986,	11 10 9 1 8 5 7 6 3 4 0 2 
18254,	0.046,	0.0573948,	39868,	10 4 7 0 5 2 9 8 3 11 1 6 
12294,	0.078,	0.0573948,	62198,	4 10 3 2 6 5 1 7 11 9 8 0 
14998,	0.03,	0.0573948,	49808,	4 6 8 7 2 9 1 5 10 3 11 0 
11370,	0.028,	0.0573948,	36218,	5 10 9 11 3 7 0 6 8 4 1 2 
13476,	0.041,	0.0573948,	30258,	5 10 3 8 11 4 2 7 6 9 1 0 
13244,	0.043,	0.0573948,	31034,	4 6 11 7 9 0 1 10 3 5 2 8 
12096,	0.066,	0.0573948,	50874,	9 6 5 1 7 0 3 10 8 4 11 2 
12300,	0.055,	0.0573948,	48218,	5 10 4 11 3 7 2 6 8 0 1 9 
14744,	0.032,	0.0573948,	47700,	4 6 8 7 9 0 1 5 10 3 11 2 
14310,	0.047,	0.0573948,	51828,	6 4 10 1 0 2 5 7 11 9 8 3 
13482,	0.054,	0.0573948,	42146,	10 4 7 11 5 9 8 0 3 6 2 1 
18244,	0.061,	0.0573948,	31722,	10 5 6 11 4 8 1 0 7 3 9 2 
10214,	0.053,	0.0573948,	39162,	6 4 3 9 0 2 1 5 11 10 8 7 
12246,	0.063,	0.0573948,	25126,	3 5 0 1 2 10 7 6 11 4 8 9 
13612,	0.054,	0.0573948,	42882,	10 7 8 11 5 9 1 4 3 6 2 0 
10506,	0.059,	0.0573948,	46372,	6 4 7 1 0 2 9 10 11 5 8 3 
10214,	0.084,	0.0573948,	58326,	6 4 3 9 0 2 1 5 11 10 8 7 
13140,	0.035,	0.0573948,	52810,	10 7 3 11 5 9 2 0 1 6 8 4 
20196,	0.033,	0.0573948,	64748,	7 9 3 8 10 0 5 1 2 6 4 11 
16174,	0.076,	0.0573948,	33858,	4 6 10 7 2 9 5 11 0 8 3 1 
13448,	0.082,	0.0573948,	39900,	4 6 8 2 10 0 1 3 9 5 7 11 
10240,	0.086,	0.0573948,	27964,	10 5 4 11 7 3 2 9 1 6 8 0 
10624,	0.071,	0.0573948,	36300,	9 6 3 0 7 4 2 5 8 10 1 11 
11302,	0.072,	0.0573948,	42766,	6 9 8 0 4 7 1 5 3 10 2 11 
16582,	0.033,	0.0573948,	35664,	5 3 10 8 11 2 4 7 0 9 1 6 
10096,	0.104,	0.0573948,	37250,	10 5 4 11 7 3 2 6 1 0 8 9 
11556,	0.079,	0.0573948,	49404,	4 6 11 9 2 0 1 10 7 5 8 3 
15404,	0.054,	0.0573948,	27038,	9 0 8 7 6 3 1 5 2 10 4 11 
11458,	0.041,	0.0573948,	37184,	6 9 11 1 0 7 8 5 3 10 2 4 
16414,	0.034,	0.0573948,	45922,	10 11 0 8 5 1 3 6 9 4 7 2 
14686,	0.044,	0.0573948,	42614,	9 6 10 1 7 0 11 5 2 3 4 8 
11216,	0.082,	0.0573948,	49006,	10 4 0 11 5 2 3 6 8 9 1 7 
11926,	0.047,	0.0573948,	29264,	4 6 10 9 2 0 7 5 8 3 11 1 
13898,	0.073,	0.0573948,	48444,	4 10 2 11 6 5 3 7 8 9 1 0 
11646,	0.073,	0.0573948,	31942,	5 10 8 11 3 7 1 6 9 4 0 2 
19352,	0.054,	0.0573948,	54518,	11 10 4 1 8 7 2 5 9 3 6 0 
13680,	0.054,	0.0573948,	40556,	10 4 3 7 5 9 2 0 8 6 11 1 
16852,	0.07,	0.0573948,	41492,	9 4 1 2 7 10 8 3 0 5 6 11 
13448,	0.078,	0.0573948,	40022,	4 6 8 2 10 0 1 3 9 5 7 11 
16702,	0.06,	0.0573948,	38666,	4 2 8 7 10 3 1 6 5 0 11 9 
18166,	0.067,	0.0573948,	45726,	2 3 10 8 4 5 11 0 9 6 7 1 
10240,	0.071,	0.0573948,	48050,	10 5 4 11 7 3 2 9 1 6 8 0 
11558,	0.074,	0.0573948,	37658,	10 5 8 11 7 3 1 6 2 0 4 9 
17024,	0.051,	0.0573948,	41328,	10 11 9 8 5 1 7 6 3 4 0 2 
14400,	0.047,	0.0573948,	34902,	6 0 4 8 1 9 7 10 3 5 2 11 
11592,	0.03,	0.0573948,	42118,	3 5 9 1 0 10 7 6 11 4 8 2 
11560,	0.053,	0.0573948,	48334,	9 6 8 0 7 4 1 5 2 10 3 11 
15158,	0.046,	0.0573948,	42962,	5 10 9 8 11 7 0 4 1 2 6 3 
15330,	0.033,	0.0573948,	56516,	4 10 8 9 2 7 1 6 5 0 11 3 
14114,	0.055,	0.0573948,	47338,	4 10 6 9 2 7 0 3 8 5 1 11 
14642,	0.043,	0.0573948,	40166,	10 4 1 7 5 9 11 0 3 6 2 8 
19190,	0.03,	0.0573948,	47756,	1 3 9 11 8 0 7 6 10 4 5 2 
21330,	0.057,	0.0573948,	48760,	6 1 9 11 4 8 0 5 10 3 7 2 
13080,	0.057,	0.0573948,	39006,	9 6 11 1 7 0 8 10 3 4 5 2 
11198,	0.041,	0.0573948,	43630,	10 4 7 11 5 2 3 9 8 6 1 0 
17494,	0.065,	0.0573948,	53962,	2 3 1 11 4 5 8 0 10 6 7 9 
14816,	0.052,	0.0573948,	59932,	3 2 8 1 0 4 11 5 6 10 9 7 
10240,	0.085,	0.0573948,	62152,	10 5 4 11 7 3 2 9 1 6 8 0 
20146,	0.095,	0.0573948,	56384,	6 1 10 11 4 8 5 7 3 9 2 0 
15158,	0.072,	0.0573948,	53150,	5 10 9 8 11 7 0 4 1 2 6 3 
11596,	0.054,	0.0573948,	39208,	4 6 11 9 2 0 8 5 3 10 1 7 
19214,	0.042,	0.0573948,	51712,	4 10 2 9 6 7 3 8 0 11 1 5 
11780,	0.041,	0.0573948,	44338,	6 9 2 1 0 7 3 4 8 10 11 5 
12490,	0.053,	0.0573948,	55510,	4 10 8 7 2 5 11 6 3 0 1 9 
11560,	0.073,	0.0573948,	63662,	9 6 8 0 7 4 1 5 2 10 3 11 
15618,	0.03,	0.0573948,	48838,	5 3 4 11 10 2 6 7 8 9 1 0 
12294,	0.056,	0.0573948,	47656,	4 10 3 2 6 5 1 7 11 9 8 0 
11374,	0.077,	0.0573948,	53006,	10 5 4 8 11 3 2 6 0 9 1 7 
12190,	0.089,	0.0573948,	47410,	10 7 4 11 5 9 2 6 1 0 8 3 
13476,	0.078,	0.0573948,	47676,	5 10 3 8 11 4 2 7 6 9 1 0 
9916,	0.085,	0.0573948,	40260,	6 9 4 1 0 7 2 10 8 5 11 3 
16516,	0.048,	0.0573948,	44774,	9 4 1 2 7 10 11 0 5 6 3 8 
11560,	0.052,	0.0573948,	53504,	9 6 8 0 7 4 1 5 2 10 3 11 
13482,	0.032,	0.0573948,	47892,	10 4 7 11 5 9 8 0 3 6 2 1 
11558,	0.089,	0.0573948,	44932,	10 5 8 11 7 3 1 6 2 0 4 9 
12174,	0.057,	0.0573948,	45284,	4 10 7 9 2 5 3 0 11 6 8 1 
15844,	0.075,	0.0573948,	50576,	3 2 10 0 5 4 11 7 8 9 1 6 
12130,	0.044,	0.0573948,	51108,	4 10 3 7 2 5 1 0 11 6 8 9 
12980,	0.034,	0.0573948,	35658,	10 7 6 11 5 9 0 4 1 2 8 3 
16030,	0.053,	0.0573948,	54686,	4 6 1 11 2 0 8 9 3 7 5 10 
12560,	0.032,	0.0573948,	31986,	5 10 8 11 3 7 1 6 4 0 2 9 
10240,	0.075,	0.0573948,	46940,	10 5 4 11 7 3 2 9 1 6 8 0 
12392,	0.076,	0.0573948,	58970,	5 10 3 8 11 4 2 0 9 6 7 1 
11556,	0.087,	0.0573948,	25094,	4 6 11 9 2 0 1 10 7 5 8 3 
12968,	0.067,	0.0573948,	44796,	6 9 10 0 4 7 11 5 8 3 1 2 
13604,	0.058,	0.0573948,	46164,	6 9 8 0 4 7 1 5 10 3 11 2 
13090,	0.053,	0.0573948,	47988,	3 5 0 1 2 10 6 7 11 9 8 4 
14210,	0.055,	0.0573948,	57414,	10 4 7 8 11 2 9 5 0 3 6 1 
17726,	0.051,	0.0573948,	38484,	5 10 8 7 11 4 1 2 6 3 9 0 
17564,	0.048,	0.0573948,	39998,	5 3 4 11 10 0 2 9 7 6 8 1 
14572,	0.044,	0.0573948,	58130,	10 4 7 2 5 6 8 9 1 0 11 3 
14876,	0.039,	0.0573948,	43892,	5 3 8 11 10 2 1 4 9 6 7 0 
11302,	0.051,	0.0573948,	40996,	6 9 8 0 4 7 1 5 3 10 2 11 
14934,	0.086,	0.0573948,	41264,	4 10 7 2 6 5 9 8 3 11 0 1 
11374,	0.063,	0.0573948,	44434,	10 5 4 8 11 3 2 6 0 9 1 7 
19124,	0.034,	0.0573948,	54976,	4 10 7 9 2 11 0 8 5 1 3 6 
17018,	0.067,	0.0573948,	41244,	2 3 7 11 4 5 10 9 8 6 1 0 
15306,	0.06,	0.0573948,	50378,	7 9 1 8 10 0 11 6 3 4 5 2 
18888,	0.022,	0.0573948,	54704,	3 0 7 2 5 6 8 10 4 11 9 1 
17058,	0.039,	0.0573948,	48702,	4 10 9 11 6 5 7 0 3 1 2 8 
14836,	0.053,	0.0573948,	32712,	4 10 9 2 6 5 7 1 3 8 0 11 
12816,	0.067,	0.0573948,	31354,	3 5 8 1 2 10 11 4 7 6 9 0 
14310,	0.052,	0.0573948,	44678,	6 4 10 1 0 2 5 7 11 9 8 3 
12862,	0.044,	0.0573948,	49474,	4 10 9 11 2 5 7 0 3 6 8 1 
10476,	0.052,	0.0573948,	44274,	4 6 7 9 2 0 8 10 1 5 11 3 
15924,	0.072,	0.0573948,	51534,	0 3 9 2 6 5 7 4 8 10 1 11 
10804,	0.099,	0.0573948,	35512,	6 9 11 1 0 7 8 10 4 5 2 3 
17976,	0.039,	0.0573948,	37306,	7 10 0 8 9 11 6 5 2 3 4 1 
12096,	0.027,	0.0573948,	41596,	9 6 5 1 7 0 3 10 8 4 11 2 
17726,	0.042,	0.0573948,	38622,	5 10 8 7 11 4 1 2 6 3 9 0 
11498,	0.072,	0.0573948,	54794,	9 6 3 1 7 0 2 5 8 10 11 4 
17192,	0.049,	0.0573948,	63366,	3 0 10 2 5 9 7 4 8 6 11 1 
18102,	0.047,	0.0573948,	56262,	3 0 1 2 5 6 11 9 4 7 10 8 
10506,	0.045,	0.0573948,	50182,	6 4 7 1 0 2 9 10 11 5 8 3 
11668,	0.095,	0.0573948,	45268,	10 4 11 7 5 2 8 6 3 0 1 9 
12444,	0.038,	0.0573948,	46598,	5 10 4 11 3 7 2 9 8 6 1 0 
16204,	0.035,	0.0573948,	37668,	4 10 9 7 6 5 0 3 8 2 1 11 
15012,	0.06,	0.0573948,	46810,	10 5 0 11 4 3 2 9 1 7 6 8 
12548,	0.044,	0.0573948,	43922,	5 10 1 11 3 7 8 0 4 6 2 9 
15708,	0.038,	0.0573948,	36196,	6 9 1 2 0 7 8 11 3 10 5 4 
11326,	0.066,	0.0573948,	44926,	4 6 3 9 2 0 1 5 8 10 11 7 
17284,	0.07,	0.0573948,	53528,	0 3 7 9 6 2 4 10 8 5 1 11 
15320,	0.094,	0.0573948,	46542,	5 3 8 11 10 2 1 6 0 4 9 7 
14630,	0.04,	0.0573948,	52630,	6 0 8 11 1 9 7 10 4 5 2 3 
16718,	0.046,	0.0573948,	41762,	3 2 10 8 5 4 11 0 9 6 7 1 
21770,	0.046,	0.0573948,	49088,	5 3 6 7 10 2 4 11 0 8 9 1 
10790,	0.034,	0.0573948,	43218,	0 6 3 1 9 4 2 5 8 10 11 7 
12062,	0.066,	0.0573948,	42742,	6 4 11 1 0 10 8 5 7 3 9 2 
12444,	0.059,	0.0573948,	54006,	5 10 4 11 3 7 2 9 8 6 1 0 
16870,	0.05,	0.0573948,	55658,	4 6 3 2 10 0 5 1 9 8 7 11 
12370,	0.057,	0.0573948,	36988,	10 4 3 11 5 2 8 0 9 6 7 1 
11596,	0.044,	0.0573948,	36786,	4 6 11 9 2 0 8 5 3 10 1 7 
18118,	0.057,	0.0573948,	33134,	2 4 11 7 3 9 8 6 5 0 10 1 
15840,	0.059,	0.0573948,	54124,	4 9 5 2 6 7 3 10 0 11 1 8 
17718,	0.04,	0.0573948,	47656,	0 3 7 1 6 2 8 10 4 5 9 11 
17784,	0.031,	0.0573948,	37290,	0 3 4 1 6 5 2 10 9 11 7 8 
11560,	0.052,	0.0573948,	35850,	9 6 8 0 7 4 1 5 2 10 3 11 
14942,	0.027,	0.0573948,	33206,	6 4 2 1 0 9 3 10 7 5 8 11 
19326,	0.08,	0.0573948,	62346,	6 1 3 11 0 8 5 2 7 4 9 10 
13076,	0.064,	0.0573948,	36408,	6 4 1 8 0 2 11 9 3 7 5 10 
12174,	0.045,	0.0573948,	28566,	4 10 7 9 2 5 3 0 11 6 8 1 
14280,	0.06,	0.0573948,	66344,	4 10 5 2 6 11 3 7 8 9 1 0 
11248,	0.069,	0.0573948,	51352,	3 5 9 1 2 10 7 4 11 6 8 0 
13264,	0.058,	0.0573948,	47482,	10 5 8 11 4 3 1 6 2 9 0 7 
14326,	0.063,	0.0573948,	44654,	4 6 8 2 10 0 11 7 3 9 5 1 
11596,	0.045,	0.0573948,	37382,	4 6 11 9 2 0 8 5 3 10 1 7 
21532,	0.038,	0.0573948,	38246,	8 1 10 3 11 6 5 7 4 9 2 0 
12062,	0.049,	0.0573948,	49018,	6 4 11 1 0 10 8 5 7 3 9 2 
15320,	0.07,	0.0573948,	37384,	5 3 8 11 10 2 1 6 0 4 9 7 
12300,	0.051,	0.0573948,	43130,	5 10 4 11 3 7 2 6 8 0 1 9 
11556,	0.06,	0.0573948,	52892,	4 6 11 9 2 0 1 10 7 5 8 3 
13302,	0.055,	0.0573948,	48326,	3 5 8 1 2 10 11 7 4 9 6 0 
12386,	0.044,	0.0573948,	45996,	4 10 7 2 6 5 8 9 11 0 1 3 
14400,	0.05,	0.0573948,	32894,	6 0 4 8 1 9 7 10 3 5 2 11 
11864,	0.042,	0.0573948,	29298,	5 10 9 8 3 11 7 6 1 4 0 2 
15250,	0.062,	0.0573948,	43892,	1 6 3 11 8 4 2 5 9 10 0 7 
15664,	0.04,	0.0573948,	40322,	4 2 10 11 6 3 5 7 1 9 8 0 
12062,	0.071,	0.0573948,	52818,	6 4 11 1 0 10 8 5 7 3 9 2 
15182,	0.044,	0.0573948,	33084,	7 10 1 3 9 5 11 0 4 6 2 8 
14168,	0.025,	0.0573948,	34644,	0 9 5 3 6 7 11 10 8 4 1 2 
16968,	0.021,	0.0573948,	31816,	3 0 8 1 5 6 11 10 4 7 2 9 
11838,	0.07,	0.0573948,	34982,	4 6 3 9 2 0 7 5 1 10 8 11 
10624,	0.071,	0.0573948,	47476,	9 6 3 0 7 4 2 5 8 10 1 11 
11688,	0.092,	0.0573948,	52568,	4 10 9 7 2 5 1 6 11 0 8 3 
13166,	0.066,	0.0573948,	37338,	6 4 5 1 0 2 3 10 11 7 8 9 
12130,	0.053,	0.0573948,	54832,	4 10 3 7 2 5 1 0 11 6 8 9 
17284,	0.056,	0.0573948,	31264,	0 3 7 9 6 2 4 10 8 5 1 11 
16154,	0.079,	0.0573948,	37932,	0 9 10 2 3 7 5 4 8 6 11 1 
11010,	0.053,	0.0573948,	38476,	10 5 0 8 11 3 1 6 7 4 9 2 
15582,	0.022,	0.0573948,	42078,	9 4 3 1 7 2 5 0 10 6 11 8 
10240,	0.063,	0.0573948,	47844,	10 5 4 11 7 3 2 9 1 6 8 0 
10476,	0.055,	0.0573948,	47224,	4 6 7 9 2 0 8 10 1 5 11 3 
10096,	0.064,	0.0573948,	43022,	10 5 4 11 7 3 2 6 1 0 8 9 
9552,	0.073,	0.0573948,	45190,	6 4 11 1 0 2 8 10 9 5 7 3 
12050,	0.066,	0.0573948,	51936,	4 10 8 2 6 5 11 7 3 9 1 0 
13448,	0.027,	0.0573948,	46994,	4 6 8 2 10 0 1 3 9 5 7 11 
11198,	0.075,	0.0573948,	16952,	10 4 7 11 5 2 3 9 8 6 1 0 
14670,	0.047,	0.0573948,	38360,	4 6 5 2 10 0 3 7 8 9 11 1 
14280,	0.075,	0.0573948,	59930,	4 10 5 2 6 11 3 7 8 9 1 0 
10476,	0.053,	0.0573948,	40218,	4 6 7 9 2 0 8 10 1 5 11 3 
11852,	0.107,	0.0573948,	45262,	4 6 11 7 2 9 8 10 0 5 1 3 
15320,	0.072,	0.0573948,	51322,	5 3 8 11 10 2 1 6 0 4 9 7 
15714,	0.084,	0.0573948,	59130,	4 2 10 7 9 3 5 0 8 6 11 1 
11668,	0.05,	0.0573948,	65170,	10 4 11 7 5 2 8 6 3 0 1 9 
11668,	0.058,	0.0573948,	48120,	10 4 11 7 5 2 8 6 3 0 1 9 
18268,	0.045,	0.0573948,	47244,	1 3 9 11 8 2 7 4 0 10 6 5 
17520,	0.065,	0.0573948,	59496,	4 6 2 7 9 0 3 11 10 8 5 1 
12096,	0.08,	0.0573948,	41592,	9 6 5 1 7 0 3 10 8 4 11 2 
15622,	0.059,	0.0573948,	68496,	6 0 8 11 1 9 7 10 3 4 5 2 
12008,	0.068,	0.0573948,	58324,	3 5 8 1 0 10 11 6 7 4 9 2 
12560,	0.086,	0.0573948,	35124,	5 10 8 11 3 7 1 6 4 0 2 9 
17206,	0.034,	0.0573948,	44278,	5 3 11 7 8 2 1 10 0 4 9 6 
16030,	0.067,	0.0573948,	53908,	4 6 1 11 2 0 8 9 3 7 5 10 
11668,	0.07,	0.0573948,	34102,	10 4 11 7 5 2 8 6 3 0 1 9 
16214,	0.047,	0.0573948,	43566,	6 9 1 2 0 7 8 3 10 5 4 11 
13328,	0.043,	0.0573948,	41450,	5 10 8 11 3 4 1 6 2 9 0 7 
11668,	0.082,	0.0573948,	56438,	10 4 11 7 5 2 8 6 3 0 1 9 
11556,	0.066,	0.0573948,	49702,	4 6 11 9 2 0 1 10 7 5 8 3 
11216,	0.106,	0.0573948,	47054,	10 4 0 11 5 2 3 6 8 9 1 7 
13898,	0.031,	0.0573948,	45330,	4 10 2 11 6 5 3 7 8 9 1 0 
9552,	0.081,	0.0573948,	59076,	6 4 11 1 0 2 8 10 9 5 7 3 
15028,	0.044,	0.0573948,	47934,	3 0 8 1 5 6 11 10 9 4 7 2 
14316,	0.044,	0.0573948,	46064,	10 7 3 11 5 9 8 0 4 6 2 1 
14608,	0.044,	0.0573948,	49158,	4 6 11 9 10 0 1 5 7 3 8 2 
17680,	0.055,	0.0573948,	43430,	3 0 2 9 5 6 11 4 1 10 8 7 
15508,	0.066,	0.0573948,	54914,	9 4 8 7 6 10 11 5 0 3 1 2 
10624,	0.065,	0.0573948,	46436,	9 6 3 0 7 4 2 5 8 10 1 11 
15680,	0.078,	0.0573948,	36058,	3 2 1 7 5 4 8 0 10 6 11 9 
15030,	0.05,	0.0573948,	47340,	6 9 4 1 0 7 2 5 10 3 11 8 
13348,	0.052,	0.0573948,	39036,	6 4 3 1 0 2 5 9 11 7 8 10 
12300,	0.059,	0.0573948,	50436,	5 10 4 11 3 7 2 6 8 0 1 9 
10122,	0.101,	0.0573948,	48700,	10 5 0 11 7 3 9 6 1 4 8 2 
12284,	0.051,	0.0573948,	45656,	9 6 2 1 7 0 3 4 8 10 11 5 
11198,	0.059,	0.0573948,	49734,	10 4 7 11 5 2 3 9 8 6 1 0 
13244,	0.046,	0.0573948,	38774,	4 6 11 7 9 0 1 10 3 5 2 8 
15194,	0.062,	0.0573948,	48060,	3 2 0 1 5 4 6 9 11 7 8 10 
12460,	0.062,	0.0573948,	27722,	4 6 8 7 2 9 1 5 0 10 3 11 
13576,	0.058,	0.0573948,	39444,	10 4 8 11 7 2 1 5 6 3 9 0 
13222,	0.038,	0.0573948,	48832,	5 10 3 7 11 4 2 0 8 6 1 9 
15722,	0.035,	0.0573948,	40560,	5 10 0 1 11 4 6 9 2 7 3 8 
14670,	0.036,	0.0573948,	31328,	4 6 5 2 10 0 3 7 8 9 11 1 
16702,	0.064,	0.0573948,	52812,	10 4 6 7 5 2 9 11 3 8 0 1 
12314,	0.087,	0.0573948,	37918,	6 4 9 1 0 10 7 5 11 3 8 2 
11926,	0.077,	0.0573948,	54676,	4 6 10 9 2 0 7 5 8 3 11 1 
14400,	0.063,	0.0573948,	41494,	6 0 4 8 1 9 7 10 3 5 2 11 
10192,	0.068,	0.0573948,	48186,	6 4 3 1 0 2 8 5 9 10 7 11 
13328,	0.043,	0.0573948,	39374,	5 10 8 11 3 4 1 6 2 9 0 7 
16152,	0.074,	0.0573948,	51480,	3 0 5 7 2 6 11 10 1 4 8 9 
13222,	0.061,	0.0573948,	48072,	5 10 3 7 11 4 2 0 8 6 1 9 
17080,	0.041,	0.0573948,	31478,	4 9 0 2 6 7 1 10 3 11 5 8 
19318,	0.054,	0.0573948,	43266,	10 11 4 8 7 1 6 2 0 3 9 5 
19456,	0.037,	0.0573948,	61810,	10 4 5 0 7 6 11 8 3 1 2 9 
12062,	0.079,	0.0573948,	43226,	6 4 11 1 0 10 8 5 7 3 9 2 
15306,	0.034,	0.0573948,	66796,	7 9 1 8 10 0 11 6 3 4 5 2 
12190,	0.049,	0.0573948,	45830,	4 6 10 7 9 0 11 5 1 3 8 2 
12270,	0.053,	0.0573948,	36522,	7 10 2 8 9 5 3 4 11 6 1 0 
12304,	0.05,	0.0573948,	52624,	10 4 3 11 7 2 5 0 8 6 1 9 
16416,	0.034,	0.0573948,	48652,	6 0 10 8 1 9 7 4 5 2 11 3 
17320,	0.031,	0.0573948,	34580,	0 9 2 1 3 7 11 4 10 6 5 8 
12986,	0.078,	0.0573948,	41010,	5 10 9 8 11 4 7 0 2 6 3 1 
18118,	0.051,	0.0573948,	39004,	2 4 11 7 3 9 8 6 5 0 10 1 
14430,	0.079,	0.0573948,	34298,	5 3 8 11 10 0 1 6 9 4 7 2 
14934,	0.076,	0.0573948,	50984,	4 10 7 2 6 5 9 8 3 11 0 1 
20860,	0.03,	0.0573948,	29544,	1 9 4 11 8 7 2 6 10 0 5 3 
14074,	0.06,	0.0573948,	39200,	6 4 5 1 0 2 3 10 9 11 7 8 
17250,	0.064,	0.0573948,	59348,	4 10 8 2 6 5 7 11 9 1 0 3 
17126,	0.034,	0.0573948,	43434,	10 5 8 2 4 11 1 6 7 0 9 3 
19352,	0.035,	0.0573948,	56608,	6 1 4 11 0 8 2 9 3 7 5 10 
16362,	0.07,	0.0573948,	38842,	5 10 9 8 11 4 7 2 6 3 0 1 
12190,	0.066,	0.0573948,	35094,	10 7 4 11 5 9 2 6 1 0 8 3 
14308,	0.092,	0.0573948,	40580,	6 4 1 2 0 10 8 3 7 5 9 11 
11558,	0.06,	0.0573948,	38256,	10 5 8 11 7 3 1 6 2 0 4 9 
13448,	0.069,	0.0573948,	45220,	4 6 8 2 10 0 1 3 9 5 7 11 
12190,	0.084,	0.0573948,	45384,	10 7 4 11 5 9 2 6 1 0 8 3 
17272,	0.072,	0.0573948,	43842,	0 3 10 7 9 5 11 6 8 4 1 2 
18502,	0.049,	0.0573948,	52648,	2 3 11 8 4 5 10 6 9 0 7 1 
18898,	0.04,	0.0573948,	38864,	7 9 4 8 10 0 2 6 3 1 5 11 
14340,	0.063,	0.0573948,	31538,	4 10 1 7 2 11 8 0 5 6 3 9 
17332,	0.028,	0.0573948,	41640,	6 4 9 2 0 10 7 1 5 8 3 11 
13076,	0.07,	0.0573948,	50458,	6 4 1 8 0 2 11 9 3 7 5 10 
14740,	0.05,	0.0573948,	31958,	3 0 9 2 5 6 7 4 1 10 8 11 
15210,	0.093,	0.0573948,	50384,	4 6 10 9 2 0 7 11 3 8 5 1 
12284,	0.053,	0.0573948,	50286,	9 6 2 1 7 0 3 4 8 10 11 5 
12774,	0.037,	0.0573948,	43174,	6 4 10 9 0 2 7 5 11 3 8 1 
12300,	0.047,	0.0573948,	38210,	5 10 4 11 3 7 2 6 8 0 1 9 
15210,	0.098,	0.0573948,	45770,	4 6 10 9 2 0 7 11 3 8 5 1 
14468,	0.04,	0.0573948,	54818,	5 3 1 11 10 2 8 0 9 6 7 4 
14444,	0.053,	0.0573948,	37998,	6 0 4 1 9 3 2 10 8 5 7 11 
15952,	0.042,	0.0573948,	52098,	10 4 8 7 5 6 1 3 0 2 9 11 
17726,	0.059,	0.0573948,	45954,	10 5 6 7 4 11 9 0 8 3 1 2 
12386,	0.051,	0.0573948,	43744,	4 10 7 2 6 5 8 9 11 0 1 3 
13430,	0.064,	0.0573948,	46234,	5 3 9 11 10 2 7 4 8 6 1 0 
10096,	0.113,	0.0573948,	40654,	10 5 4 11 7 3 2 6 1 0 8 9 
18890,	0.038,	0.0573948,	69424,	2 3 9 6 4 0 7 5 1 10 8 11 
12816,	0.093,	0.0573948,	50140,	3 5 8 1 2 10 11 4 7 6 9 0 
