11754,	0.098,	0.0744553,	35708,	6 9 11 1 0 7 8 10 3 4 5 2 
13680,	0.049,	0.0744553,	39896,	10 4 3 7 5 9 2 0 8 6 11 1 
14214,	0.108,	0.0744553,	44728,	6 4 7 1 0 2 9 10 3 11 5 8 
15440,	0.067,	0.0744553,	48462,	4 10 0 2 6 5 3 1 9 8 7 11 
10624,	0.079,	0.0744553,	55952,	9 6 3 0 7 4 2 5 8 10 1 11 
14784,	0.08,	0.0744553,	50070,	4 10 8 2 6 7 1 3 9 5 0 11 
15364,	0.059,	0.0744553,	42582,	6 4 3 2 1 10 5 7 11 9 8 0 
15758,	0.068,	0.0744553,	41672,	9 7 1 0 6 10 8 3 4 5 2 11 
14624,	0.079,	0.0744553,	44564,	4 10 3 11 2 5 8 0 9 6 7 1 
10624,	0.077,	0.0744553,	40562,	9 6 3 0 7 4 2 5 8 10 1 11 
13002,	0.088,	0.0744553,	40756,	6 9 10 1 0 7 5 4 8 2 11 3 
16488,	0.058,	0.0744553,	44890,	6 1 4 11 0 8 2 10 7 5 9 3 
17520,	0.078,	0.0744553,	52926,	3 5 6 8 2 11 1 4 9 10 0 7 
16440,	0.08,	0.0744553,	34686,	9 7 2 1 0 10 3 4 5 6 11 8 
17018,	0.059,	0.0744553,	47280,	2 3 7 11 4 5 10 9 8 6 1 0 
10476,	0.069,	0.0744553,	57262,	4 6 7 9 2 0 8 10 1 5 11 3 
17490,	0.05,	0.0744553,	64088,	4 6 10 7 2 9 11 8 3 1 5 0 
13902,	0.058,	0.0744553,	58426,	9 6 8 0 7 4 1 5 10 3 11 2 
19466,	0.049,	0.0744553,	37780,	1 3 9 2 8 5 7 4 10 6 11 0 
10580,	0.078,	0.0744553,	42730,	9 6 4 1 7 0 2 10 8 5 11 3 
16586,	0.06,	0.0744553,	39090,	10 11 4 8 5 1 2 6 9 0 7 3 
15032,	0.069,	0.0744553,	26988,	11 10 2 1 8 5 3 4 0 9 6 7 
12386,	0.098,	0.0744553,	31458,	4 10 7 2 6 5 8 9 11 0 1 3 
13600,	0.088,	0.0744553,	49002,	4 10 8 7 9 5 11 6 3 0 2 1 
12816,	0.059,	0.0744553,	28016,	3 5 8 1 2 10 11 4 7 6 9 0 
12246,	0.097,	0.0744553,	47102,	3 5 0 1 2 10 7 6 11 4 8 9 
15918,	0.059,	0.0744553,	50402,	0 3 11 1 6 5 8 10 9 4 7 2 
11374,	0.108,	0.0744553,	44358,	10 5 4 8 11 3 2 6 0 9 1 7 
12582,	0.049,	0.0744553,	48826,	4 10 0 2 6 5 3 9 11 7 1 8 
19574,	0.049,	0.0744553,	44058,	1 3 9 11 8 2 0 5 4 10 6 7 
11646,	0.069,	0.0744553,	50890,	5 10 8 11 3 7 1 6 9 4 0 2 
18264,	0.059,	0.0744553,	34172,	3 7 1 2 5 9 8 0 10 6 11 4 
16532,	0.068,	0.0744553,	43518,	9 0 8 1 7 3 11 6 5 4 10 2 
15582,	0.068,	0.0744553,	38248,	9 4 3 1 7 2 5 0 10 6 11 8 
16560,	0.068,	0.0744553,	32020,	9 4 10 1 7 2 11 0 3 6 5 8 
11560,	0.088,	0.0744553,	54306,	9 6 8 0 7 4 1 5 2 10 3 11 
16110,	0.039,	0.0744553,	38282,	10 4 3 7 5 6 2 8 0 11 9 1 
16836,	0.06,	0.0744553,	42976,	3 0 8 2 5 6 1 7 11 9 10 4 
14530,	0.077,	0.0744553,	50566,	6 4 9 2 0 10 7 3 8 5 1 11 
15758,	0.058,	0.0744553,	33042,	9 7 1 0 6 10 8 3 4 5 2 11 
12754,	0.09,	0.0744553,	45156,	6 9 3 1 0 7 5 2 8 4 11 10 
14440,	0.068,	0.0744553,	37304,	3 0 8 1 2 6 11 5 9 10 7 4 
17702,	0.078,	0.0744553,	49714,	0 3 10 7 9 2 5 4 11 6 8 1 
13238,	0.078,	0.0744553,	49044,	9 6 3 1 7 0 5 2 8 4 11 10 
16110,	0.087,	0.0744553,	65376,	5 3 9 8 11 2 7 6 0 4 1 10 
12560,	0.079,	0.0744553,	45250,	5 10 8 11 3 7 1 6 4 0 2 9 
12754,	0.078,	0.0744553,	47616,	6 9 3 1 0 7 5 2 8 4 11 10 
11596,	0.068,	0.0744553,	44938,	4 6 11 9 2 0 8 5 3 10 1 7 
17268,	0.06,	0.0744553,	44726,	3 2 0 1 5 4 6 10 9 11 7 8 
12156,	0.097,	0.0744553,	59938,	10 5 0 8 11 3 1 6 2 9 4 7 
16702,	0.059,	0.0744553,	48802,	3 0 7 1 2 6 8 10 4 5 9 11 
13316,	0.069,	0.0744553,	38310,	9 6 11 0 7 4 2 10 8 5 1 3 
13080,	0.049,	0.0744553,	61840,	9 6 11 1 7 0 8 10 3 4 5 2 
19084,	0.068,	0.0744553,	45950,	1 6 5 11 8 0 7 10 3 4 2 9 
16790,	0.077,	0.0744553,	45424,	0 6 1 2 3 4 11 9 10 7 5 8 
13296,	0.06,	0.0744553,	37046,	4 9 0 2 6 7 1 10 8 5 11 3 
12776,	0.068,	0.0744553,	48706,	4 6 9 2 10 0 7 3 1 5 8 11 
18428,	0.068,	0.0744553,	42936,	3 5 6 7 0 10 9 11 4 8 2 1 
13076,	0.067,	0.0744553,	38246,	6 4 1 8 0 2 11 9 3 7 5 10 
11560,	0.078,	0.0744553,	36912,	9 6 8 0 7 4 1 5 2 10 3 11 
9916,	0.087,	0.0744553,	54094,	6 9 4 1 0 7 2 10 8 5 11 3 
15128,	0.058,	0.0744553,	51708,	0 6 11 7 3 9 1 10 4 5 2 8 
10096,	0.108,	0.0744553,	26074,	10 5 4 11 7 3 2 6 1 0 8 9 
10192,	0.068,	0.0744553,	40744,	6 4 3 1 0 2 8 5 9 10 7 11 
11216,	0.088,	0.0744553,	48986,	10 4 0 11 5 2 3 6 8 9 1 7 
10214,	0.077,	0.0744553,	31518,	6 4 3 9 0 2 1 5 11 10 8 7 
10506,	0.116,	0.0744553,	48154,	6 4 7 1 0 2 9 10 11 5 8 3 
11838,	0.078,	0.0744553,	46196,	4 6 7 9 2 0 3 10 1 5 8 11 
16022,	0.107,	0.0744553,	55484,	4 6 5 2 10 0 3 11 9 8 7 1 
11932,	0.078,	0.0744553,	56470,	7 10 0 8 9 5 3 6 11 4 1 2 
13726,	0.049,	0.0744553,	42008,	9 6 10 1 7 0 5 4 8 2 11 3 
10624,	0.087,	0.0744553,	40530,	9 6 3 0 7 4 2 5 8 10 1 11 
13238,	0.078,	0.0744553,	40004,	9 6 3 1 7 0 5 2 8 4 11 10 
10790,	0.098,	0.0744553,	57920,	0 6 3 1 9 4 2 5 11 10 8 7 
17520,	0.068,	0.0744553,	45546,	3 5 6 8 2 11 1 4 9 10 0 7 
11248,	0.107,	0.0744553,	36102,	3 5 9 1 2 10 7 4 11 6 8 0 
15032,	0.059,	0.0744553,	51104,	11 10 2 1 8 5 3 4 0 9 6 7 
12776,	0.059,	0.0744553,	45174,	4 6 9 2 10 0 7 3 1 5 8 11 
16896,	0.058,	0.0744553,	44530,	0 3 8 1 9 5 11 6 10 4 7 2 
10096,	0.118,	0.0744553,	40282,	10 5 4 11 7 3 2 6 1 0 8 9 
12750,	0.087,	0.0744553,	34910,	9 4 0 7 6 2 1 10 11 5 8 3 
13238,	0.058,	0.0744553,	45832,	9 6 3 1 7 0 5 2 8 4 11 10 
17904,	0.059,	0.0744553,	46816,	7 10 2 0 9 11 4 3 1 5 6 8 
19270,	0.068,	0.0744553,	52114,	6 1 7 11 0 8 9 10 3 4 5 2 
18926,	0.087,	0.0744553,	48478,	6 1 9 11 4 8 0 5 3 10 2 7 
14326,	0.068,	0.0744553,	66388,	4 6 8 2 10 0 11 7 3 9 5 1 
11932,	0.068,	0.0744553,	40392,	7 10 0 8 9 5 3 6 11 4 1 2 
11688,	0.067,	0.0744553,	36882,	4 10 9 7 2 5 1 6 11 0 8 3 
20278,	0.098,	0.0744553,	44736,	10 11 7 8 5 1 9 0 6 3 4 2 
13238,	0.087,	0.0744553,	48844,	9 6 3 1 7 0 5 2 8 4 11 10 
17734,	0.049,	0.0744553,	32576,	0 3 10 1 6 2 5 7 11 9 8 4 
17094,	0.069,	0.0744553,	44674,	4 9 10 11 2 7 5 0 3 6 8 1 
16080,	0.058,	0.0744553,	35704,	9 4 6 0 7 10 1 2 11 3 8 5 
16372,	0.067,	0.0744553,	49114,	7 9 2 0 10 6 4 3 1 5 8 11 
13448,	0.098,	0.0744553,	52310,	4 6 8 2 10 0 1 3 9 5 7 11 
17306,	0.039,	0.0744553,	48526,	0 3 2 1 6 5 8 4 9 10 7 11 
11678,	0.107,	0.0744553,	29426,	10 4 8 11 5 2 1 6 9 0 7 3 
13094,	0.077,	0.0744553,	46986,	10 5 4 2 11 3 6 7 1 9 8 0 
16078,	0.059,	0.0744553,	44578,	3 2 9 0 5 4 6 7 8 10 1 11 
12246,	0.108,	0.0744553,	39564,	3 5 0 1 2 10 7 6 11 4 8 9 
13242,	0.078,	0.0744553,	28702,	0 6 10 1 9 4 7 5 8 3 11 2 
12986,	0.079,	0.0744553,	46266,	5 10 9 8 11 4 7 0 2 6 3 1 
12246,	0.077,	0.0744553,	28756,	3 5 0 1 2 10 7 6 11 4 8 9 
12334,	0.097,	0.0744553,	34340,	9 4 3 7 6 2 0 5 8 10 1 11 
13050,	0.088,	0.0744553,	42066,	9 6 10 0 7 4 11 5 8 3 1 2 
14440,	0.097,	0.0744553,	47146,	3 0 8 1 2 6 11 5 9 10 7 4 
12766,	0.06,	0.0744553,	43442,	7 10 8 0 9 5 11 6 3 4 1 2 
12816,	0.058,	0.0744553,	49132,	6 4 1 9 0 2 8 11 3 10 5 7 
15930,	0.058,	0.0744553,	23820,	6 0 11 8 1 9 5 10 7 4 3 2 
14990,	0.069,	0.0744553,	54650,	3 2 7 1 5 4 10 9 8 6 11 0 
13778,	0.088,	0.0744553,	60430,	11 10 0 1 8 5 3 6 9 4 7 2 
12300,	0.078,	0.0744553,	50100,	5 10 4 11 3 7 2 6 8 0 1 9 
14486,	0.06,	0.0744553,	35318,	5 10 2 8 3 11 1 4 7 6 9 0 
11302,	0.087,	0.0744553,	59574,	6 9 8 0 4 7 1 5 3 10 2 11 
12560,	0.078,	0.0744553,	52556,	5 10 8 11 3 7 1 6 4 0 2 9 
11248,	0.097,	0.0744553,	42148,	3 5 9 1 2 10 7 4 11 6 8 0 
12314,	0.077,	0.0744553,	29768,	6 4 9 1 0 10 7 5 11 3 8 2 
17150,	0.06,	0.0744553,	39912,	2 3 6 11 4 5 0 9 8 7 1 10 
19134,	0.038,	0.0744553,	38106,	2 3 11 6 4 0 1 10 9 5 7 8 
12484,	0.078,	0.0744553,	33240,	4 6 0 7 2 9 1 10 8 5 11 3 
10804,	0.059,	0.0744553,	39434,	6 9 11 1 0 7 8 10 4 5 2 3 
12968,	0.087,	0.0744553,	47120,	6 9 10 0 4 7 11 5 8 3 1 2 
10624,	0.087,	0.0744553,	38182,	9 6 3 0 7 4 2 5 8 10 1 11 
14440,	0.088,	0.0744553,	38600,	3 0 8 1 2 6 11 5 9 10 7 4 
11558,	0.088,	0.0744553,	41918,	10 5 8 11 7 3 1 6 2 0 4 9 
15896,	0.078,	0.0744553,	27270,	1 6 9 11 8 0 7 4 3 10 2 5 
10790,	0.068,	0.0744553,	57510,	0 6 3 1 9 4 2 5 11 10 8 7 
17092,	0.068,	0.0744553,	43130,	5 3 7 11 10 0 8 9 2 6 4 1 
14720,	0.078,	0.0744553,	60886,	3 0 9 1 2 6 7 4 8 10 11 5 
12776,	0.087,	0.0744553,	58774,	4 6 9 2 10 0 7 3 1 5 8 11 
14686,	0.126,	0.0744553,	46292,	9 6 10 1 7 0 11 5 2 3 4 8 
10096,	0.087,	0.0744553,	31642,	10 5 4 11 7 3 2 6 1 0 8 9 
13322,	0.088,	0.0744553,	41238,	4 6 11 2 10 0 8 5 9 3 7 1 
12538,	0.049,	0.0744553,	46762,	10 4 0 7 5 2 3 9 11 6 8 1 
10096,	0.107,	0.0744553,	48736,	10 5 4 11 7 3 2 6 1 0 8 9 
11668,	0.069,	0.0744553,	36862,	10 4 11 7 5 2 8 6 3 0 1 9 
22134,	0.077,	0.0744553,	51260,	11 1 10 5 8 6 4 7 3 9 2 0 
15582,	0.068,	0.0744553,	50156,	9 4 0 7 6 10 1 5 11 3 8 2 
13798,	0.08,	0.0744553,	45480,	6 0 11 1 9 3 8 5 2 10 4 7 
12538,	0.088,	0.0744553,	57666,	10 4 0 7 5 2 3 9 11 6 8 1 
12208,	0.079,	0.0744553,	39272,	9 6 11 1 7 0 8 10 2 5 4 3 
13296,	0.049,	0.0744553,	37792,	4 9 0 2 6 7 1 10 8 5 11 3 
15986,	0.078,	0.0744553,	60724,	3 0 7 8 1 6 9 10 4 5 2 11 
10240,	0.087,	0.0744553,	43378,	10 5 4 11 7 3 2 9 1 6 8 0 
10506,	0.097,	0.0744553,	46518,	6 4 7 1 0 2 9 10 11 5 8 3 
21668,	0.05,	0.0744553,	40900,	1 3 5 0 8 2 11 10 4 7 6 9 
10782,	0.069,	0.0744553,	56058,	6 9 3 0 4 7 2 5 8 10 1 11 
14942,	0.059,	0.0744553,	58092,	6 4 2 1 0 9 3 10 7 5 8 11 
16670,	0.068,	0.0744553,	51840,	3 0 2 8 1 6 11 4 9 10 7 5 
12412,	0.069,	0.0744553,	56524,	4 6 10 7 2 9 11 5 1 3 8 0 
12018,	0.058,	0.0744553,	49096,	10 7 0 11 5 9 3 6 1 4 8 2 
12208,	0.087,	0.0744553,	58140,	9 6 11 1 7 0 8 10 2 5 4 3 
12850,	0.06,	0.0744553,	39600,	5 10 9 8 3 11 7 0 2 6 4 1 
16626,	0.069,	0.0744553,	53410,	4 2 5 6 10 3 11 7 1 9 8 0 
9916,	0.108,	0.0744553,	52530,	6 9 4 1 0 7 2 10 8 5 11 3 
12104,	0.088,	0.0744553,	56196,	5 10 0 8 3 11 1 6 7 4 9 2 
16702,	0.058,	0.0744553,	30370,	10 4 6 7 5 2 9 11 3 8 0 1 
11908,	0.051,	0.0744553,	45202,	9 6 3 1 7 0 8 5 2 10 4 11 
12208,	0.077,	0.0744553,	40080,	9 6 11 1 7 0 8 10 2 5 4 3 
13298,	0.078,	0.0744553,	43416,	3 5 8 1 2 10 11 6 7 4 0 9 
15822,	0.049,	0.0744553,	53628,	3 2 9 1 0 4 6 5 11 10 8 7 
14996,	0.049,	0.0744553,	34560,	10 4 11 7 5 9 2 6 1 0 8 3 
16076,	0.078,	0.0744553,	42264,	3 0 9 2 5 6 1 4 8 10 11 7 
11926,	0.069,	0.0744553,	41982,	4 6 10 9 2 0 7 5 8 3 11 1 
9552,	0.097,	0.0744553,	46896,	6 4 11 1 0 2 8 10 9 5 7 3 
10476,	0.088,	0.0744553,	53218,	4 6 7 9 2 0 8 10 1 5 11 3 
15748,	0.078,	0.0744553,	48658,	1 6 4 11 8 0 2 10 9 5 7 3 
12076,	0.096,	0.0744553,	51684,	4 6 3 7 2 9 0 5 1 10 8 11 
18246,	0.06,	0.0744553,	30538,	6 0 11 2 4 3 5 10 1 7 8 9 
18406,	0.077,	0.0744553,	37710,	6 1 7 11 0 8 9 10 2 5 4 3 
9916,	0.108,	0.0744553,	53628,	6 9 4 1 0 7 2 10 8 5 11 3 
14954,	0.059,	0.0744553,	61930,	4 6 5 7 2 9 3 10 0 11 1 8 
11722,	0.067,	0.0744553,	43896,	10 5 7 2 11 3 9 4 1 6 8 0 
12560,	0.079,	0.0744553,	42816,	5 10 8 11 3 7 1 6 4 0 2 9 
19428,	0.058,	0.0744553,	54794,	10 11 8 7 4 1 6 5 0 3 9 2 
17296,	0.078,	0.0744553,	36082,	7 9 10 2 8 0 11 4 3 6 5 1 
19100,	0.079,	0.0744553,	44550,	3 5 2 1 0 11 8 4 6 10 9 7 
11560,	0.087,	0.0744553,	33434,	9 6 8 0 7 4 1 5 2 10 3 11 
15596,	0.069,	0.0744553,	52126,	7 10 8 0 9 4 11 5 6 3 1 2 
13390,	0.049,	0.0744553,	44328,	5 10 0 8 11 4 1 6 2 9 3 7 
17316,	0.049,	0.0744553,	42656,	3 5 10 0 2 11 7 4 8 6 1 9 
10824,	0.079,	0.0744553,	44398,	6 4 3 9 0 2 7 5 8 10 1 11 
13458,	0.069,	0.0744553,	42202,	11 10 9 1 8 5 7 4 3 6 2 0 
13740,	0.068,	0.0744553,	45792,	4 6 5 9 2 0 3 11 1 10 8 7 
13380,	0.077,	0.0744553,	55478,	11 10 6 1 8 5 0 4 9 2 7 3 
14928,	0.069,	0.0744553,	54668,	9 6 5 1 7 0 10 3 8 2 11 4 
10122,	0.078,	0.0744553,	52194,	10 5 0 11 7 3 9 6 1 4 8 2 
19100,	0.059,	0.0744553,	46022,	3 5 2 1 0 11 8 4 6 10 9 7 
17540,	0.078,	0.0744553,	48522,	1 3 0 11 8 5 9 6 10 4 7 2 
14188,	0.05,	0.0744553,	35806,	10 4 11 7 5 6 8 2 0 3 9 1 
10804,	0.077,	0.0744553,	40406,	6 9 11 1 0 7 8 10 4 5 2 3 
15896,	0.059,	0.0744553,	32322,	1 6 9 11 8 0 7 4 3 10 2 5 
12444,	0.068,	0.0744553,	56448,	5 10 4 11 3 7 2 9 8 6 1 0 
14718,	0.069,	0.0744553,	46838,	4 10 9 7 6 11 0 5 8 3 1 2 
11370,	0.097,	0.0744553,	42312,	5 10 9 11 3 7 0 6 8 4 1 2 
16372,	0.068,	0.0744553,	41418,	7 9 2 0 10 6 4 3 1 5 8 11 
15078,	0.079,	0.0744553,	29822,	4 2 11 7 6 3 1 10 0 5 9 8 
17668,	0.058,	0.0744553,	53486,	1 3 6 11 8 2 0 4 9 10 7 5 
10476,	0.097,	0.0744553,	52114,	4 6 7 9 2 0 8 10 1 5 11 3 
12096,	0.068,	0.0744553,	51170,	9 6 5 1 7 0 3 10 8 4 11 2 
11688,	0.068,	0.0744553,	54338,	4 10 9 7 2 5 1 6 11 0 8 3 
18110,	0.068,	0.0744553,	47558,	6 0 11 8 1 9 5 4 7 2 10 3 
10580,	0.079,	0.0744553,	62814,	9 6 4 1 7 0 2 10 8 5 11 3 
11678,	0.048,	0.0744553,	47098,	10 4 8 11 5 2 1 6 9 0 7 3 
12576,	0.078,	0.0744553,	37472,	10 4 8 11 7 6 1 5 0 3 9 2 
14440,	0.107,	0.0744553,	39364,	3 0 8 1 2 6 11 5 9 10 7 4 
15362,	0.077,	0.0744553,	34632,	5 3 4 11 10 0 2 6 1 9 8 7 
9552,	0.088,	0.0744553,	53112,	6 4 11 1 0 2 8 10 9 5 7 3 
16888,	0.068,	0.0744553,	56558,	3 5 6 1 2 8 0 4 7 10 9 11 
20052,	0.058,	0.0744553,	55734,	1 3 0 11 6 5 9 10 8 4 7 2 
11560,	0.078,	0.0744553,	44572,	9 6 8 0 7 4 1 5 2 10 3 11 
16930,	0.078,	0.0744553,	41668,	5 3 9 8 11 2 0 4 6 10 1 7 
15582,	0.117,	0.0744553,	52562,	9 4 0 7 6 10 1 5 11 3 8 2 
15714,	0.068,	0.0744553,	37610,	6 0 5 11 1 9 3 10 7 4 8 2 
12484,	0.078,	0.0744553,	46590,	4 6 0 7 2 9 1 10 8 5 11 3 
14390,	0.068,	0.0744553,	51426,	11 10 4 1 8 5 2 6 9 0 7 3 
14096,	0.058,	0.0744553,	31438,	10 5 8 2 11 3 1 7 6 9 4 0 
12750,	0.087,	0.0744553,	49868,	9 4 0 7 6 2 1 10 11 5 8 3 
13550,	0.069,	0.0744553,	50252,	6 9 2 0 4 7 3 10 8 5 1 11 
17200,	0.068,	0.0744553,	51780,	0 3 2 9 6 5 11 4 8 10 1 7 
12096,	0.108,	0.0744553,	44458,	9 6 5 1 7 0 3 10 8 4 11 2 
17222,	0.088,	0.0744553,	38912,	10 5 4 11 7 8 6 2 9 3 0 1 
18496,	0.058,	0.0744553,	57880,	3 0 2 8 5 9 11 4 7 6 10 1 
14390,	0.088,	0.0744553,	51500,	11 10 4 1 8 5 2 6 9 0 7 3 
12754,	0.068,	0.0744553,	48982,	6 9 3 1 0 7 5 2 8 4 11 10 
16640,	0.088,	0.0744553,	47438,	9 7 5 0 6 10 11 3 8 2 1 4 
17790,	0.05,	0.0744553,	38882,	7 10 3 0 9 5 2 8 4 11 6 1 
12548,	0.078,	0.0744553,	31400,	5 10 1 11 3 7 8 0 4 6 2 9 
15210,	0.078,	0.0744553,	41676,	4 6 10 9 2 0 7 11 3 8 5 1 
12776,	0.059,	0.0744553,	43048,	4 6 9 2 10 0 7 3 1 5 8 11 
14468,	0.086,	0.0744553,	35590,	5 3 1 11 10 2 8 0 9 6 7 4 
11558,	0.138,	0.0744553,	47416,	10 5 8 11 7 3 1 6 2 0 4 9 
13850,	0.04,	0.0744553,	30664,	0 6 4 7 3 9 2 10 1 5 8 11 
10096,	0.128,	0.0744553,	49166,	10 5 4 11 7 3 2 6 1 0 8 9 
11010,	0.068,	0.0744553,	44500,	10 5 0 8 11 3 1 6 7 4 9 2 
10122,	0.058,	0.0744553,	36572,	10 5 0 11 7 3 9 6 1 4 8 2 
13380,	0.069,	0.0744553,	44120,	11 10 6 1 8 5 0 4 9 2 7 3 
15076,	0.059,	0.0744553,	43050,	11 10 0 1 8 5 7 6 3 4 2 9 
14954,	0.054,	0.0744553,	44886,	4 6 5 7 2 9 3 10 0 11 1 8 
15332,	0.072,	0.0744553,	36262,	5 3 10 1 8 2 11 4 9 6 7 0 
19552,	0.039,	0.0744553,	51752,	9 6 3 2 7 0 5 8 10 11 4 1 
14934,	0.05,	0.0744553,	51564,	4 10 7 2 6 5 9 8 3 11 0 1 
12986,	0.03,	0.0744553,	21582,	5 10 9 8 11 4 7 0 2 6 3 1 
11198,	0.049,	0.0744553,	39540,	10 4 7 11 5 2 3 9 8 6 1 0 
15110,	0.049,	0.0744553,	31394,	0 6 2 7 3 9 11 4 1 10 8 5 
13346,	0.097,	0.0744553,	34320,	4 9 8 2 6 7 1 5 0 10 3 11 
16414,	0.049,	0.0744553,	53286,	10 11 0 8 5 1 3 6 9 4 7 2 
15622,	0.069,	0.0744553,	30470,	6 0 8 11 1 9 7 10 3 4 5 2 
11780,	0.068,	0.0744553,	40636,	6 9 2 1 0 7 3 4 8 10 11 5 
12836,	0.079,	0.0744553,	44348,	11 10 2 1 8 5 3 4 9 6 7 0 
11498,	0.072,	0.0744553,	31470,	9 6 3 1 7 0 2 5 8 10 11 4 
10506,	0.126,	0.0744553,	51410,	6 4 7 1 0 2 9 10 11 5 8 3 
16154,	0.04,	0.0744553,	26112,	0 9 10 2 3 7 5 4 8 6 11 1 
22134,	0.078,	0.0744553,	45476,	11 1 10 5 8 6 4 7 3 9 2 0 
12190,	0.078,	0.0744553,	45858,	10 7 4 11 5 9 2 6 1 0 8 3 
10624,	0.078,	0.0744553,	27350,	9 6 3 0 7 4 2 5 8 10 1 11 
15834,	0.059,	0.0744553,	38952,	9 4 8 7 6 2 1 5 10 3 11 0 
17664,	0.058,	0.0744553,	46146,	2 4 5 0 3 10 11 7 8 9 1 6 
16062,	0.088,	0.0744553,	43912,	0 3 1 7 9 5 8 6 10 4 11 2 
18318,	0.089,	0.0744553,	55454,	4 10 5 2 6 11 3 8 7 1 9 0 
15372,	0.078,	0.0744553,	36970,	3 2 8 7 0 4 1 5 6 10 9 11 
13430,	0.107,	0.0744553,	54962,	5 3 9 11 10 2 7 4 8 6 1 0 
17424,	0.05,	0.0744553,	41596,	5 3 4 8 11 2 10 6 0 9 1 7 
11838,	0.098,	0.0744553,	64584,	6 4 11 1 0 9 8 5 3 10 2 7 
16538,	0.098,	0.0744553,	37232,	5 10 0 8 11 4 6 2 9 3 7 1 
13726,	0.068,	0.0744553,	40026,	9 6 10 1 7 0 5 4 8 2 11 3 
11370,	0.068,	0.0744553,	35744,	5 10 9 11 3 7 0 6 8 4 1 2 
15358,	0.079,	0.0744553,	43338,	6 4 1 2 0 10 11 9 5 7 3 8 
16062,	0.071,	0.0744553,	50066,	0 3 1 7 9 5 8 6 10 4 11 2 
11560,	0.087,	0.0744553,	56548,	9 6 8 0 7 4 1 5 2 10 3 11 
14108,	0.098,	0.0744553,	49108,	4 10 9 2 6 7 0 3 8 5 1 11 
17222,	0.067,	0.0744553,	42454,	10 5 4 11 7 8 6 2 9 3 0 1 
12844,	0.088,	0.0744553,	33610,	6 4 7 9 0 2 3 10 8 5 1 11 
10506,	0.088,	0.0744553,	57132,	6 4 7 1 0 2 9 10 11 5 8 3 
13390,	0.078,	0.0744553,	33266,	5 10 0 8 11 4 1 6 2 9 3 7 
13798,	0.08,	0.0744553,	51398,	6 0 11 1 9 3 8 5 2 10 4 7 
12926,	0.078,	0.0744553,	39046,	9 4 3 1 7 2 8 5 0 10 6 11 
14876,	0.068,	0.0744553,	48524,	5 3 8 11 10 2 1 4 9 6 7 0 
13242,	0.06,	0.0744553,	47862,	0 6 10 1 9 4 7 5 8 3 11 2 
17232,	0.069,	0.0744553,	30298,	1 6 9 11 8 0 7 4 10 2 5 3 
13052,	0.087,	0.0744553,	57684,	10 5 2 8 11 3 1 4 7 6 9 0 
10096,	0.078,	0.0744553,	37918,	10 5 4 11 7 3 2 6 1 0 8 9 
12850,	0.097,	0.0744553,	52530,	5 10 9 8 3 11 7 0 2 6 4 1 
14214,	0.097,	0.0744553,	48574,	6 4 7 1 0 2 9 10 3 11 5 8 
16814,	0.059,	0.0744553,	25682,	9 6 10 0 7 4 5 11 2 8 3 1 
16856,	0.068,	0.0744553,	42058,	6 9 10 0 4 7 5 11 3 8 2 1 
14108,	0.098,	0.0744553,	58450,	4 10 9 2 6 7 0 3 8 5 1 11 
16888,	0.04,	0.0744553,	53496,	3 5 6 1 2 8 0 4 7 10 9 11 
15326,	0.049,	0.0744553,	61230,	6 9 5 1 0 7 3 10 4 11 2 8 
14486,	0.058,	0.0744553,	50176,	5 10 2 8 3 11 1 4 7 6 9 0 
14214,	0.107,	0.0744553,	42332,	6 4 7 1 0 2 9 10 3 11 5 8 
13624,	0.058,	0.0744553,	38636,	10 7 8 11 5 9 1 6 4 0 2 3 
14394,	0.059,	0.0744553,	58782,	10 7 4 11 5 9 6 2 1 3 8 0 
14998,	0.049,	0.0744553,	37070,	4 6 8 7 2 9 1 5 10 3 11 0 
10096,	0.078,	0.0744553,	33632,	10 5 4 11 7 3 2 6 1 0 8 9 
13384,	0.132,	0.0744553,	44668,	5 10 3 8 11 7 1 0 4 6 2 9 
14730,	0.079,	0.0744553,	57078,	11 10 9 1 8 5 7 4 0 2 6 3 
11248,	0.09,	0.0744553,	60266,	3 5 9 1 2 10 7 4 11 6 8 0 
12174,	0.068,	0.0744553,	50934,	4 10 7 9 2 5 3 0 11 6 8 1 
12246,	0.069,	0.0744553,	43136,	3 5 0 1 2 10 7 6 11 4 8 9 
16468,	0.061,	0.0744553,	47118,	2 4 1 7 3 10 8 0 5 6 11 9 
16260,	0.059,	0.0744553,	41086,	9 7 4 0 6 10 2 5 11 3 8 1 
13138,	0.09,	0.0744553,	43440,	6 0 4 11 1 9 2 10 7 5 8 3 
14400,	0.138,	0.0744553,	39260,	6 0 4 8 1 9 7 10 3 5 2 11 
12284,	0.087,	0.0744553,	41602,	9 6 2 1 7 0 3 4 8 10 11 5 
12130,	0.078,	0.0744553,	59374,	4 10 3 7 2 5 1 0 11 6 8 9 
14724,	0.04,	0.0744553,	36578,	4 6 5 9 2 0 3 10 7 11 8 1 
17150,	0.058,	0.0744553,	28442,	2 3 6 11 4 5 0 9 8 7 1 10 
16652,	0.049,	0.0744553,	39342,	10 4 5 11 7 2 3 8 0 1 9 6 
9916,	0.097,	0.0744553,	47870,	6 9 4 1 0 7 2 10 8 5 11 3 
10122,	0.068,	0.0744553,	31432,	10 5 0 11 7 3 9 6 1 4 8 2 
13954,	0.08,	0.0744553,	54516,	4 10 9 2 6 11 7 5 8 3 1 0 
15332,	0.078,	0.0744553,	54198,	5 3 10 1 8 2 11 4 9 6 7 0 
20282,	0.049,	0.0744553,	32042,	9 7 3 1 0 8 2 6 11 4 5 10 
10688,	0.05,	0.0744553,	29832,	10 5 8 11 7 3 1 6 0 4 9 2 
11458,	0.077,	0.0744553,	41198,	6 9 11 1 0 7 8 5 3 10 2 4 
15028,	0.089,	0.0744553,	44044,	3 0 8 1 5 6 11 10 9 4 7 2 
15440,	0.089,	0.0744553,	53834,	4 10 0 2 6 5 3 1 9 8 7 11 
11302,	0.059,	0.0744553,	52980,	6 9 8 0 4 7 1 5 3 10 2 11 
16078,	0.049,	0.0744553,	35676,	3 2 9 0 5 4 6 7 8 10 1 11 
17278,	0.07,	0.0744553,	58322,	10 11 7 8 5 1 9 4 6 2 0 3 
16440,	0.078,	0.0744553,	43724,	9 7 2 1 0 10 3 4 5 6 11 8 
17192,	0.079,	0.0744553,	51234,	3 0 10 2 5 9 7 4 8 6 11 1 
16246,	0.059,	0.0744553,	48216,	0 6 10 2 3 4 5 7 8 9 11 1 
12386,	0.087,	0.0744553,	57070,	4 10 7 2 6 5 8 9 11 0 1 3 
13778,	0.071,	0.0744553,	45104,	11 10 0 1 8 5 3 6 9 4 7 2 
18908,	0.099,	0.0744553,	47374,	4 2 6 7 9 3 0 11 5 8 10 1 
16390,	0.058,	0.0744553,	56816,	3 2 9 7 0 4 6 5 8 10 1 11 
12836,	0.07,	0.0744553,	40570,	11 10 2 1 8 5 3 4 9 6 7 0 
11908,	0.069,	0.0744553,	43826,	9 6 3 1 7 0 8 5 2 10 4 11 
11780,	0.071,	0.0744553,	36000,	6 9 2 1 0 7 3 4 8 10 11 5 
12284,	0.079,	0.0744553,	40008,	9 6 2 1 7 0 3 4 8 10 11 5 
14782,	0.068,	0.0744553,	38152,	9 7 3 1 0 10 5 2 11 4 8 6 
11838,	0.117,	0.0744553,	49012,	6 4 11 1 0 9 8 5 3 10 2 7 
13914,	0.07,	0.0744553,	40564,	2 4 8 11 3 6 1 5 0 10 9 7 
13390,	0.059,	0.0744553,	57994,	5 10 0 8 11 4 1 6 2 9 3 7 
16488,	0.068,	0.0744553,	46284,	6 1 4 11 0 8 2 10 7 5 9 3 
13430,	0.088,	0.0744553,	46864,	5 3 9 11 10 2 7 4 8 6 1 0 
14326,	0.068,	0.0744553,	53150,	4 6 8 2 10 0 11 7 3 9 5 1 
15496,	0.078,	0.0744553,	47616,	9 4 8 0 7 10 11 5 6 3 1 2 
11326,	0.097,	0.0744553,	55138,	4 6 3 9 2 0 1 5 8 10 11 7 
15162,	0.058,	0.0744553,	39836,	10 4 8 2 7 6 1 3 0 5 9 11 
15210,	0.069,	0.0744553,	38866,	4 6 10 9 2 0 7 11 3 8 5 1 
15028,	0.068,	0.0744553,	44788,	3 0 8 1 5 6 11 10 9 4 7 2 
12816,	0.067,	0.0744553,	41220,	3 5 8 1 2 10 11 4 7 6 9 0 
15010,	0.078,	0.0744553,	38714,	5 3 9 11 10 2 0 6 8 4 1 7 
17612,	0.059,	0.0744553,	43654,	0 3 7 1 6 5 9 10 4 11 2 8 
11876,	0.068,	0.0744553,	61228,	10 7 2 11 5 9 3 4 1 6 8 0 
13210,	0.068,	0.0744553,	59364,	9 4 11 0 7 2 8 10 6 5 1 3 
12734,	0.059,	0.0744553,	49464,	7 10 3 8 9 5 2 0 11 6 1 4 
11514,	0.058,	0.0744553,	47164,	4 6 7 11 2 0 9 10 1 5 8 3 
14982,	0.059,	0.0744553,	45776,	11 10 0 1 8 5 3 6 4 9 2 7 
22134,	0.077,	0.0744553,	56848,	11 1 10 5 8 6 4 7 3 9 2 0 
10096,	0.087,	0.0744553,	35360,	10 5 4 11 7 3 2 6 1 0 8 9 
17644,	0.117,	0.0744553,	44054,	6 1 9 11 0 8 7 4 3 10 2 5 
18050,	0.049,	0.0744553,	36906,	11 6 10 1 8 4 7 5 9 3 0 2 
18908,	0.048,	0.0744553,	37546,	7 9 5 8 10 6 11 3 4 0 2 1 
10096,	0.117,	0.0744553,	50800,	10 5 4 11 7 3 2 6 1 0 8 9 
14188,	0.098,	0.0744553,	47736,	10 4 11 7 5 6 8 2 0 3 9 1 
17980,	0.049,	0.0744553,	37176,	0 3 10 2 6 5 11 7 8 9 1 4 
11010,	0.078,	0.0744553,	44952,	10 5 0 8 11 3 1 6 7 4 9 2 
12334,	0.049,	0.0744553,	21202,	9 4 3 7 6 2 0 5 8 10 1 11 
11248,	0.098,	0.0744553,	36276,	3 5 9 1 2 10 7 4 11 6 8 0 
16516,	0.049,	0.0744553,	36586,	9 4 1 2 7 10 11 0 5 6 3 8 
10804,	0.088,	0.0744553,	44336,	6 9 11 1 0 7 8 10 4 5 2 3 
16928,	0.059,	0.0744553,	52248,	6 0 4 8 1 3 2 9 5 7 11 10 
13226,	0.05,	0.0744553,	57844,	9 4 11 1 7 2 8 10 0 5 6 3 
10624,	0.099,	0.0744553,	50238,	9 6 3 0 7 4 2 5 8 10 1 11 
17590,	0.077,	0.0744553,	43568,	1 6 3 11 8 4 2 7 10 9 5 0 
14368,	0.049,	0.0744553,	40614,	3 5 7 1 2 10 8 4 0 6 9 11 
18844,	0.088,	0.0744553,	57398,	11 10 4 6 8 5 7 2 9 3 0 1 
12130,	0.088,	0.0744553,	42182,	4 10 3 7 2 5 1 0 11 6 8 9 
21704,	0.078,	0.0744553,	48562,	1 11 9 0 8 10 7 5 4 3 6 2 
13080,	0.079,	0.0744553,	59672,	9 6 11 1 7 0 8 10 3 4 5 2 
18846,	0.068,	0.0744553,	52394,	2 3 9 11 4 0 6 5 1 10 8 7 
14816,	0.049,	0.0744553,	33222,	3 2 8 1 0 4 11 5 6 10 9 7 
15652,	0.059,	0.0744553,	42602,	0 3 7 9 6 5 8 10 11 4 1 2 
13140,	0.087,	0.0744553,	40658,	10 7 3 11 5 9 2 0 1 6 8 4 
15210,	0.068,	0.0744553,	40190,	0 9 8 1 3 7 11 6 10 4 5 2 
14934,	0.107,	0.0744553,	53636,	4 10 7 2 6 5 9 8 3 11 0 1 
16488,	0.039,	0.0744553,	41208,	6 1 4 11 0 8 2 10 7 5 9 3 
12492,	0.059,	0.0744553,	34882,	6 9 5 1 0 7 3 10 8 4 11 2 
14676,	0.088,	0.0744553,	49888,	0 6 7 1 3 9 8 10 5 4 11 2 
13662,	0.097,	0.0744553,	43354,	11 10 9 1 8 5 7 6 3 4 0 2 
21482,	0.06,	0.0744553,	36284,	8 1 10 7 11 0 5 4 3 6 2 9 
14986,	0.069,	0.0744553,	53880,	11 10 6 1 8 5 0 9 3 7 2 4 
11560,	0.097,	0.0744553,	43224,	9 6 8 0 7 4 1 5 2 10 3 11 
13476,	0.069,	0.0744553,	34662,	5 10 3 8 11 4 2 7 6 9 1 0 
14168,	0.058,	0.0744553,	45798,	0 9 5 3 6 7 11 10 8 4 1 2 
10580,	0.049,	0.0744553,	32628,	9 6 4 1 7 0 2 10 8 5 11 3 
9916,	0.095,	0.0744553,	55152,	6 9 4 1 0 7 2 10 8 5 11 3 
19574,	0.088,	0.0744553,	50536,	6 1 10 11 0 8 5 4 7 2 9 3 
12412,	0.078,	0.0744553,	37450,	4 6 10 7 2 9 11 5 1 3 8 0 
15586,	0.039,	0.0744553,	61634,	7 10 11 8 9 4 1 5 6 3 0 2 
15530,	0.059,	0.0744553,	67814,	4 10 6 7 9 5 0 11 3 8 2 1 
11198,	0.069,	0.0744553,	44390,	10 4 7 11 5 2 3 9 8 6 1 0 
18404,	0.097,	0.0744553,	60392,	10 11 2 8 5 1 3 4 6 9 0 7 
16818,	0.078,	0.0744553,	41658,	4 2 11 7 10 3 5 6 1 0 8 9 
14558,	0.079,	0.0744553,	34904,	6 0 4 2 1 9 7 10 8 5 11 3 
11754,	0.087,	0.0744553,	32432,	6 9 11 1 0 7 8 10 3 4 5 2 
12352,	0.078,	0.0744553,	48150,	6 4 11 1 0 2 8 10 3 7 5 9 
11646,	0.088,	0.0744553,	26926,	5 10 8 11 3 7 1 6 9 4 0 2 
17740,	0.068,	0.0744553,	40150,	5 3 7 1 11 2 8 10 0 4 9 6 
16584,	0.068,	0.0744553,	57284,	6 0 3 11 1 9 8 2 5 4 10 7 
18296,	0.049,	0.0744553,	34494,	2 3 8 11 4 0 1 5 6 10 9 7 
12352,	0.119,	0.0744553,	39576,	6 4 11 1 0 2 8 10 3 7 5 9 
11944,	0.059,	0.0744553,	39720,	10 4 3 7 5 2 1 0 11 6 8 9 
12548,	0.068,	0.0744553,	44926,	5 10 1 11 3 7 8 0 4 6 2 9 
14468,	0.078,	0.0744553,	32924,	5 3 1 11 10 2 8 0 9 6 7 4 
14108,	0.089,	0.0744553,	51926,	4 10 9 2 6 7 0 3 8 5 1 11 
12076,	0.097,	0.0744553,	59904,	4 6 3 7 2 9 0 5 1 10 8 11 
13982,	0.079,	0.0744553,	33198,	4 10 1 9 2 5 11 0 3 6 7 8 
20242,	0.049,	0.0744553,	53096,	3 1 7 0 2 8 9 10 6 5 4 11 
17490,	0.058,	0.0744553,	30560,	4 6 10 7 2 9 11 8 3 1 5 0 
14608,	0.06,	0.0744553,	47786,	10 4 0 7 5 6 9 2 8 3 11 1 
13624,	0.088,	0.0744553,	44202,	10 7 8 11 5 9 1 6 4 0 2 3 
21314,	0.058,	0.0744553,	38754,	1 3 5 8 6 2 11 10 0 4 9 7 
16372,	0.069,	0.0744553,	39036,	7 9 2 0 10 6 4 3 1 5 8 11 
15010,	0.077,	0.0744553,	42034,	5 3 9 11 10 2 0 6 8 4 1 7 
10624,	0.129,	0.0744553,	57884,	9 6 3 0 7 4 2 5 8 10 1 11 
12392,	0.099,	0.0744553,	45688,	5 10 3 8 11 4 2 0 9 6 7 1 
12246,	0.088,	0.0744553,	45880,	3 5 0 1 2 10 7 6 11 4 8 9 
10688,	0.096,	0.0744553,	50942,	10 5 8 11 7 3 1 6 0 4 9 2 
18352,	0.068,	0.0744553,	42042,	6 1 2 11 0 8 3 4 7 10 9 5 
10506,	0.108,	0.0744553,	44392,	6 4 7 1 0 2 9 10 11 5 8 3 
14514,	0.077,	0.0744553,	58390,	5 10 3 1 8 11 0 2 7 4 9 6 
11876,	0.091,	0.0744553,	50250,	10 7 2 11 5 9 3 4 1 6 8 0 
24426,	0.06,	0.0744553,	39570,	8 1 5 7 11 6 10 3 4 0 2 9 
11992,	0.058,	0.0744553,	48340,	10 4 3 11 5 6 2 7 1 9 8 0 
12174,	0.088,	0.0744553,	40314,	4 10 7 9 2 5 3 0 11 6 8 1 
12548,	0.087,	0.0744553,	52208,	5 10 1 11 3 7 8 0 4 6 2 9 
15524,	0.088,	0.0744553,	47832,	6 0 2 8 1 9 3 4 5 10 11 7 
16916,	0.068,	0.0744553,	38974,	6 1 3 0 4 8 2 5 7 10 9 11 
12478,	0.048,	0.0744553,	33644,	0 6 8 1 9 4 11 5 2 10 3 7 
12008,	0.078,	0.0744553,	47482,	3 5 8 1 0 10 11 6 7 4 9 2 
11198,	0.078,	0.0744553,	39064,	10 4 7 11 5 2 3 9 8 6 1 0 
15010,	0.087,	0.0744553,	60520,	5 3 9 11 10 2 0 6 8 4 1 7 
12484,	0.069,	0.0744553,	40880,	4 6 0 7 2 9 1 10 8 5 11 3 
16378,	0.068,	0.0744553,	54734,	0 6 5 2 3 4 11 10 8 7 1 9 
10214,	0.098,	0.0744553,	40406,	6 4 3 9 0 2 1 5 11 10 8 7 
9916,	0.106,	0.0744553,	51840,	6 9 4 1 0 7 2 10 8 5 11 3 
16458,	0.088,	0.0744553,	43380,	9 4 0 7 6 2 1 10 3 11 5 8 
11370,	0.077,	0.0744553,	43174,	5 10 9 11 3 7 0 6 8 4 1 2 
14210,	0.059,	0.0744553,	51802,	10 4 7 8 11 2 9 5 0 3 6 1 
18062,	0.058,	0.0744553,	59512,	3 0 4 1 5 6 2 10 9 11 7 8 
13080,	0.079,	0.0744553,	54068,	9 6 11 1 7 0 8 10 3 4 5 2 
12284,	0.048,	0.0744553,	37618,	9 6 2 1 7 0 3 4 8 10 11 5 
12096,	0.088,	0.0744553,	40386,	9 6 5 1 7 0 3 10 8 4 11 2 
13094,	0.058,	0.0744553,	49332,	10 5 4 2 11 3 6 7 1 9 8 0 
10476,	0.117,	0.0744553,	41694,	4 6 7 9 2 0 8 10 1 5 11 3 
14530,	0.078,	0.0744553,	49766,	6 4 9 2 0 10 7 3 8 5 1 11 
16372,	0.087,	0.0744553,	57324,	7 9 2 0 10 6 4 3 1 5 8 11 
13316,	0.078,	0.0744553,	44418,	9 6 11 0 7 4 2 10 8 5 1 3 
12486,	0.087,	0.0744553,	47636,	10 5 0 11 4 3 2 6 1 9 8 7 
12174,	0.077,	0.0744553,	38466,	4 10 7 9 2 5 3 0 11 6 8 1 
18862,	0.049,	0.0744553,	54352,	2 3 6 8 4 5 1 9 10 7 11 0 
12820,	0.068,	0.0744553,	46550,	0 6 7 1 9 4 8 10 2 5 3 11 
13458,	0.127,	0.0744553,	48502,	11 10 9 1 8 5 7 4 3 6 2 0 
16928,	0.029,	0.0744553,	35754,	6 0 4 8 1 3 2 9 5 7 11 10 
10240,	0.078,	0.0744553,	51864,	10 5 4 11 7 3 2 9 1 6 8 0 
16174,	0.078,	0.0744553,	63094,	4 6 10 7 2 9 5 11 0 8 3 1 
16690,	0.059,	0.0744553,	40072,	10 4 0 7 5 2 3 1 6 8 9 11 
12216,	0.068,	0.0744553,	39092,	3 5 1 8 2 10 11 0 7 6 9 4 
13002,	0.087,	0.0744553,	46382,	6 9 10 1 0 7 5 4 8 2 11 3 
17900,	0.068,	0.0744553,	46000,	4 2 10 7 6 3 5 11 0 8 9 1 
11560,	0.049,	0.0744553,	43496,	9 6 8 0 7 4 1 5 2 10 3 11 
16764,	0.087,	0.0744553,	53248,	8 6 7 1 11 0 9 10 3 4 5 2 
11418,	0.097,	0.0744553,	48430,	6 4 3 1 0 9 2 5 8 10 11 7 
12314,	0.087,	0.0744553,	51230,	6 4 9 1 0 10 7 5 11 3 8 2 
17206,	0.079,	0.0744553,	57682,	5 3 11 7 8 2 1 10 0 4 9 6 
14796,	0.058,	0.0744553,	39832,	6 4 3 8 1 10 2 7 5 9 11 0 
11558,	0.127,	0.0744553,	47448,	10 5 8 11 7 3 1 6 2 0 4 9 
10824,	0.058,	0.0744553,	42326,	6 4 3 9 0 2 7 5 8 10 1 11 
15876,	0.049,	0.0744553,	32406,	10 7 4 8 11 9 6 2 0 3 1 5 
12986,	0.089,	0.0744553,	63682,	5 10 9 8 11 4 7 0 2 6 3 1 
11216,	0.097,	0.0744553,	37072,	10 4 0 11 5 2 3 6 8 9 1 7 
10214,	0.068,	0.0744553,	43544,	6 4 3 9 0 2 1 5 11 10 8 7 
12096,	0.078,	0.0744553,	47078,	9 6 5 1 7 0 3 10 8 4 11 2 
15748,	0.087,	0.0744553,	41252,	1 6 4 11 8 0 2 10 9 5 7 3 
10506,	0.074,	0.0744553,	45622,	6 4 7 1 0 2 9 10 11 5 8 3 
14308,	0.087,	0.0744553,	58380,	6 4 1 2 0 10 8 3 7 5 9 11 
14056,	0.068,	0.0744553,	39900,	3 5 9 8 1 10 7 0 4 6 2 11 
14466,	0.089,	0.0744553,	42644,	11 10 4 1 8 5 2 6 3 9 0 7 
14400,	0.058,	0.0744553,	36360,	6 0 4 8 1 9 7 10 3 5 2 11 
12560,	0.088,	0.0744553,	42254,	5 10 8 11 3 7 1 6 4 0 2 9 
13256,	0.078,	0.0744553,	43648,	10 4 7 11 5 6 9 0 1 3 8 2 
14762,	0.077,	0.0744553,	40034,	4 6 1 2 10 0 11 9 3 7 5 8 
13298,	0.079,	0.0744553,	41684,	3 5 8 1 2 10 11 6 7 4 0 9 
13352,	0.067,	0.0744553,	52120,	4 10 11 9 2 5 1 6 8 0 7 3 
14990,	0.068,	0.0744553,	37426,	3 2 7 1 5 4 10 9 11 6 8 0 
16022,	0.079,	0.0744553,	34018,	4 6 5 2 10 0 3 11 9 8 7 1 
13426,	0.059,	0.0744553,	35178,	10 5 11 2 4 3 8 6 0 9 1 7 
10506,	0.088,	0.0744553,	33608,	6 4 7 1 0 2 9 10 11 5 8 3 
10096,	0.097,	0.0744553,	41290,	10 5 4 11 7 3 2 6 1 0 8 9 
11932,	0.049,	0.0744553,	37788,	7 10 0 8 9 5 3 6 11 4 1 2 
11908,	0.039,	0.0744553,	29776,	9 6 3 1 7 0 8 5 2 10 4 11 
16868,	0.04,	0.0744553,	39754,	6 0 2 8 1 9 4 3 7 5 10 11 
14106,	0.097,	0.0744553,	52326,	4 2 7 9 6 3 0 10 1 5 8 11 
15930,	0.048,	0.0744553,	43984,	4 10 9 7 2 11 0 3 1 5 6 8 
13384,	0.136,	0.0744553,	38058,	5 10 3 8 11 7 1 0 4 6 2 9 
17326,	0.059,	0.0744553,	36836,	11 10 6 1 8 4 0 2 9 3 7 5 
12776,	0.059,	0.0744553,	65942,	4 6 9 2 10 0 7 3 1 5 8 11 
11852,	0.058,	0.0744553,	48520,	4 6 11 7 2 9 8 10 0 5 1 3 
18330,	0.069,	0.0744553,	41464,	0 3 1 7 9 2 8 6 11 4 5 10 
17210,	0.078,	0.0744553,	32248,	2 3 0 8 4 5 1 6 10 9 11 7 
14512,	0.068,	0.0744553,	40450,	9 6 4 1 7 0 10 2 8 3 11 5 
11668,	0.058,	0.0744553,	30376,	10 4 11 7 5 2 8 6 3 0 1 9 
16988,	0.068,	0.0744553,	26856,	11 10 7 1 8 4 9 5 6 3 0 2 
12852,	0.049,	0.0744553,	39446,	10 4 0 11 5 2 6 9 8 7 1 3 
20882,	0.048,	0.0744553,	48352,	0 1 3 7 9 8 5 2 11 4 10 6 
21784,	0.059,	0.0744553,	47984,	0 1 10 7 9 8 11 6 3 4 5 2 
11444,	0.078,	0.0744553,	38566,	6 9 3 1 0 7 8 5 4 10 2 11 
13844,	0.067,	0.0744553,	51920,	6 0 3 11 1 9 8 5 4 10 2 7 
10192,	0.096,	0.0744553,	48372,	6 4 3 1 0 2 8 5 9 10 7 11 
10476,	0.107,	0.0744553,	31966,	4 6 7 9 2 0 8 10 1 5 11 3 
15828,	0.058,	0.0744553,	45664,	2 4 0 11 3 10 1 6 5 9 8 7 
14390,	0.07,	0.0744553,	31424,	11 10 4 1 8 5 2 6 9 0 7 3 
16488,	0.087,	0.0744553,	43934,	6 1 4 11 0 8 2 10 7 5 9 3 
11908,	0.079,	0.0744553,	57766,	9 6 3 1 7 0 8 5 2 10 4 11 
13430,	0.078,	0.0744553,	34768,	5 3 9 11 10 2 7 4 8 6 1 0 
17644,	0.072,	0.0744553,	50672,	6 1 9 11 0 8 7 4 3 10 2 5 
16416,	0.06,	0.0744553,	47852,	6 0 10 8 1 9 7 4 5 2 11 3 
10476,	0.068,	0.0744553,	42042,	4 6 7 9 2 0 8 10 1 5 11 3 
10476,	0.106,	0.0744553,	47816,	4 6 7 9 2 0 8 10 1 5 11 3 
17668,	0.07,	0.0744553,	33868,	1 3 6 11 8 2 0 4 9 10 7 5 
15100,	0.049,	0.0744553,	39806,	10 4 0 2 7 6 9 3 1 5 8 11 
13002,	0.058,	0.0744553,	56542,	6 9 10 1 0 7 5 4 8 2 11 3 
15746,	0.06,	0.0744553,	45672,	7 10 1 8 9 5 11 3 0 2 6 4 
16818,	0.069,	0.0744553,	51248,	4 2 11 7 10 3 5 6 1 0 8 9 
13770,	0.068,	0.0744553,	30740,	10 4 7 8 11 6 9 5 0 3 1 2 
10214,	0.098,	0.0744553,	40730,	6 4 3 9 0 2 1 5 11 10 8 7 
12294,	0.127,	0.0744553,	57418,	4 10 3 2 6 5 1 7 11 9 8 0 
15076,	0.069,	0.0744553,	48770,	11 10 0 1 8 5 7 6 3 4 2 9 
11560,	0.116,	0.0744553,	43534,	9 6 8 0 7 4 1 5 2 10 3 11 
9916,	0.089,	0.0744553,	36854,	6 9 4 1 0 7 2 10 8 5 11 3 
16868,	0.088,	0.0744553,	39858,	6 0 2 8 1 9 4 3 7 5 10 11 
11216,	0.069,	0.0744553,	38230,	10 4 0 11 5 2 3 6 8 9 1 7 
15992,	0.068,	0.0744553,	39414,	4 10 2 7 6 5 3 11 9 8 0 1 
11668,	0.087,	0.0744553,	52146,	10 4 11 7 5 2 8 6 3 0 1 9 
13380,	0.05,	0.0744553,	47124,	7 10 1 8 9 5 11 6 3 4 0 2 
16362,	0.087,	0.0744553,	39230,	5 10 9 8 11 4 7 2 6 3 0 1 
17642,	0.058,	0.0744553,	49074,	5 3 7 11 10 0 8 9 6 4 1 2 
12104,	0.089,	0.0744553,	43440,	5 10 0 8 3 11 1 6 7 4 9 2 
10824,	0.077,	0.0744553,	49024,	6 4 3 9 0 2 7 5 8 10 1 11 
16076,	0.068,	0.0744553,	36210,	3 0 9 2 5 6 1 4 8 10 11 7 
15308,	0.069,	0.0744553,	43342,	0 6 7 2 3 9 8 4 1 10 11 5 
12294,	0.068,	0.0744553,	36628,	4 10 3 2 6 5 1 7 11 9 8 0 
15008,	0.059,	0.0744553,	40778,	3 2 0 8 5 4 1 6 10 9 11 7 
11838,	0.097,	0.0744553,	40284,	6 4 11 1 0 9 8 5 3 10 2 7 
11558,	0.058,	0.0744553,	33712,	10 5 8 11 7 3 1 6 2 0 4 9 
23666,	0.049,	0.0744553,	59618,	8 1 3 7 11 6 2 0 10 9 5 4 
11560,	0.068,	0.0744553,	58574,	9 6 8 0 7 4 1 5 2 10 3 11 
14292,	0.068,	0.0744553,	40766,	6 4 10 11 1 2 5 7 3 9 8 0 
14430,	0.068,	0.0744553,	34958,	5 3 8 11 10 0 1 6 9 4 7 2 
10096,	0.078,	0.0744553,	55402,	10 5 4 11 7 3 2 6 1 0 8 9 
15012,	0.078,	0.0744553,	44690,	7 9 3 8 10 0 5 2 1 4 11 6 
20196,	0.048,	0.0744553,	41028,	7 9 4 0 10 6 2 11 3 8 5 1 
11198,	0.06,	0.0744553,	37244,	10 4 7 11 5 2 3 9 8 6 1 0 
10096,	0.087,	0.0744553,	52830,	10 5 4 11 7 3 2 6 1 0 8 9 
13844,	0.087,	0.0744553,	42388,	6 0 3 11 1 9 8 5 4 10 2 7 
12036,	0.068,	0.0744553,	47752,	10 5 7 8 11 3 9 0 2 6 4 1 
15864,	0.068,	0.0744553,	52718,	1 6 5 11 8 0 3 10 9 4 7 2 
12968,	0.097,	0.0744553,	47698,	6 9 10 0 4 7 11 5 8 3 1 2 
16224,	0.049,	0.0744553,	37696,	6 0 10 11 1 9 5 4 7 2 8 3 
15898,	0.049,	0.0744553,	39656,	10 4 0 7 5 6 9 1 3 8 2 11 
11852,	0.068,	0.0744553,	39342,	4 6 11 7 2 9 8 10 0 5 1 3 
11418,	0.087,	0.0744553,	42558,	6 4 3 1 0 9 2 5 8 10 11 7 
14288,	0.077,	0.0744553,	30756,	6 0 4 1 9 3 2 5 8 10 11 7 
12208,	0.059,	0.0744553,	52660,	9 6 11 1 7 0 8 10 2 5 4 3 
16830,	0.03,	0.0744553,	23802,	0 3 4 1 6 5 2 9 11 7 8 10 
13302,	0.068,	0.0744553,	45202,	3 5 8 1 2 10 11 7 4 9 6 0 
14494,	0.059,	0.0744553,	49280,	3 0 7 1 5 6 9 10 8 4 11 2 
15758,	0.089,	0.0744553,	58546,	9 7 1 0 6 10 8 3 4 5 2 11 
16372,	0.058,	0.0744553,	43528,	11 10 6 1 8 5 4 0 9 3 7 2 
16702,	0.068,	0.0744553,	55232,	3 0 7 1 2 6 8 10 4 5 9 11 
11678,	0.089,	0.0744553,	63770,	10 4 8 11 5 2 1 6 9 0 7 3 
17162,	0.058,	0.0744553,	43092,	10 7 0 11 5 9 3 6 4 1 2 8 
10580,	0.058,	0.0744553,	26052,	9 6 4 1 7 0 2 10 8 5 11 3 
12208,	0.088,	0.0744553,	45528,	9 6 11 1 7 0 8 10 2 5 4 3 
11908,	0.068,	0.0744553,	53436,	9 6 3 1 7 0 8 5 2 10 4 11 
12816,	0.088,	0.0744553,	46376,	6 4 1 9 0 2 8 11 3 10 5 7 
12472,	0.078,	0.0744553,	42360,	9 6 8 1 7 0 11 5 3 10 2 4 
13242,	0.049,	0.0744553,	56206,	0 6 10 1 9 4 7 5 11 3 8 2 
12062,	0.068,	0.0744553,	27692,	6 4 11 1 0 10 8 5 7 3 9 2 
16294,	0.039,	0.0744553,	47404,	4 2 9 5 10 3 7 0 8 6 11 1 
14188,	0.069,	0.0744553,	36972,	10 4 11 7 5 6 8 2 0 3 9 1 
12174,	0.098,	0.0744553,	36586,	4 10 7 9 2 5 3 0 11 6 8 1 
11444,	0.068,	0.0744553,	63500,	6 9 3 1 0 7 8 5 4 10 2 11 
16080,	0.077,	0.0744553,	58586,	6 4 10 9 0 2 7 11 3 8 5 1 
10506,	0.069,	0.0744553,	51202,	6 4 7 1 0 2 9 10 11 5 8 3 
14658,	0.058,	0.0744553,	44002,	4 10 11 2 6 7 8 5 9 3 0 1 
16060,	0.058,	0.0744553,	33732,	6 9 11 0 4 7 8 2 10 3 5 1 
12304,	0.049,	0.0744553,	30516,	10 4 3 11 7 2 5 0 8 6 1 9 
17278,	0.068,	0.0744553,	53116,	10 11 7 8 5 1 9 4 6 2 0 3 
13138,	0.078,	0.0744553,	40664,	6 0 4 11 1 9 2 10 7 5 8 3 
12820,	0.097,	0.0744553,	51740,	0 6 7 1 9 4 8 10 2 5 3 11 
14106,	0.088,	0.0744553,	51362,	4 2 7 9 6 3 0 10 1 5 8 11 
17980,	0.077,	0.0744553,	47324,	0 3 10 2 6 5 11 7 8 9 1 4 
15222,	0.099,	0.0744553,	52252,	3 2 8 1 0 4 6 5 9 10 7 11 
15222,	0.039,	0.0744553,	33194,	3 2 8 1 0 4 6 5 9 10 7 11 
11326,	0.079,	0.0744553,	52486,	4 6 3 9 2 0 1 5 8 10 11 7 
10122,	0.077,	0.0744553,	37720,	10 5 0 11 7 3 9 6 1 4 8 2 
12300,	0.088,	0.0744553,	45708,	5 10 4 11 3 7 2 6 8 0 1 9 
12304,	0.078,	0.0744553,	50522,	10 4 3 11 7 2 5 0 8 6 1 9 
15748,	0.098,	0.0744553,	48754,	1 6 4 11 8 0 2 10 9 5 7 3 
15238,	0.078,	0.0744553,	57904,	10 4 7 2 11 6 9 3 0 5 1 8 
11926,	0.068,	0.0744553,	55070,	4 6 10 9 2 0 7 5 8 3 11 1 
14236,	0.068,	0.0744553,	52214,	4 2 11 9 6 3 8 5 0 10 1 7 
15326,	0.069,	0.0744553,	53074,	6 9 5 1 0 7 3 10 4 11 2 8 
11992,	0.097,	0.0744553,	58188,	10 4 3 11 5 6 2 7 1 9 8 0 
16030,	0.068,	0.0744553,	53394,	4 6 1 11 2 0 8 9 3 7 5 10 
11560,	0.069,	0.0744553,	35124,	9 6 8 0 7 4 1 5 2 10 3 11 
10192,	0.096,	0.0744553,	47466,	6 4 3 1 0 2 8 5 9 10 7 11 
13430,	0.078,	0.0744553,	36472,	5 3 9 11 10 2 7 4 8 6 1 0 
11558,	0.087,	0.0744553,	34284,	10 5 8 11 7 3 1 6 2 0 4 9 
14116,	0.078,	0.0744553,	45428,	5 10 9 8 11 7 1 4 3 6 2 0 
16588,	0.087,	0.0744553,	50716,	10 4 2 7 5 6 3 11 0 8 9 1 
16716,	0.049,	0.0744553,	48164,	10 7 8 11 5 9 1 2 6 3 4 0 
16458,	0.068,	0.0744553,	30958,	9 4 0 7 6 2 1 10 3 11 5 8 
11498,	0.088,	0.0744553,	45012,	9 6 3 1 7 0 2 5 8 10 11 4 
14124,	0.058,	0.0744553,	51272,	5 10 7 1 3 11 8 9 2 6 4 0 
13844,	0.068,	0.0744553,	46220,	6 0 3 11 1 9 8 5 4 10 2 7 
15404,	0.069,	0.0744553,	52582,	3 2 9 8 5 4 7 0 10 6 11 1 
15586,	0.096,	0.0744553,	51948,	7 10 11 8 9 4 1 5 6 3 0 2 
14630,	0.08,	0.0744553,	47170,	6 0 8 11 1 9 7 10 4 5 2 3 
12824,	0.078,	0.0744553,	52208,	7 10 4 8 9 5 2 6 11 0 1 3 
18076,	0.098,	0.0744553,	49212,	0 3 8 9 6 5 1 7 4 10 2 11 
11668,	0.107,	0.0744553,	46022,	10 4 11 7 5 2 8 6 3 0 1 9 
11944,	0.068,	0.0744553,	36278,	10 4 3 7 5 2 1 0 11 6 8 9 
16960,	0.069,	0.0744553,	50906,	6 4 7 8 1 2 10 9 11 0 5 3 
15250,	0.097,	0.0744553,	41292,	1 6 3 11 8 4 2 5 9 10 0 7 
13238,	0.078,	0.0744553,	41084,	9 6 3 1 7 0 5 2 8 4 11 10 
12096,	0.068,	0.0744553,	58842,	9 6 5 1 7 0 3 10 8 4 11 2 
10096,	0.097,	0.0744553,	42490,	10 5 4 11 7 3 2 6 1 0 8 9 
13080,	0.088,	0.0744553,	66824,	9 6 11 1 7 0 8 10 3 4 5 2 
10804,	0.096,	0.0744553,	46434,	6 9 11 1 0 7 8 10 4 5 2 3 
11838,	0.098,	0.0744553,	60464,	6 4 11 1 0 9 8 5 3 10 2 7 
12774,	0.087,	0.0744553,	32186,	6 4 10 9 0 2 7 5 11 3 8 1 
13002,	0.049,	0.0744553,	27962,	6 9 10 1 0 7 5 4 8 2 11 3 
12314,	0.078,	0.0744553,	37638,	6 4 9 1 0 10 7 5 11 3 8 2 
12824,	0.087,	0.0744553,	52334,	7 10 4 8 9 5 2 6 11 0 1 3 
17332,	0.049,	0.0744553,	47828,	4 2 7 10 6 3 8 9 5 0 11 1 
18124,	0.068,	0.0744553,	52866,	10 11 9 8 5 1 7 6 2 0 4 3 
10122,	0.087,	0.0744553,	36342,	10 5 0 11 7 3 9 6 1 4 8 2 
12486,	0.069,	0.0744553,	40742,	10 5 0 11 4 3 2 6 1 9 8 7 
17034,	0.039,	0.0744553,	60468,	5 3 9 8 11 2 7 0 4 6 10 1 
16136,	0.078,	0.0744553,	45256,	10 11 7 8 5 1 9 4 3 6 2 0 
12174,	0.078,	0.0744553,	47466,	4 10 7 9 2 5 3 0 11 6 8 1 
22172,	0.048,	0.0744553,	32282,	8 11 6 7 1 10 9 0 4 3 2 5 
13430,	0.049,	0.0744553,	45142,	10 5 11 2 7 3 8 6 0 4 1 9 
14444,	0.077,	0.0744553,	36480,	6 0 4 1 9 3 2 10 8 5 7 11 
13242,	0.05,	0.0744553,	30000,	0 6 10 1 9 4 7 5 8 3 11 2 
16716,	0.058,	0.0744553,	32216,	10 7 8 11 5 9 1 2 6 3 4 0 
13798,	0.049,	0.0744553,	43648,	6 0 11 1 9 3 8 5 2 10 4 7 
10214,	0.097,	0.0744553,	46478,	6 4 3 9 0 2 1 5 11 10 8 7 
11944,	0.088,	0.0744553,	51132,	10 4 3 7 5 2 1 0 11 6 8 9 
15372,	0.039,	0.0744553,	41872,	3 2 8 7 0 4 1 5 6 10 9 11 
16362,	0.058,	0.0744553,	48092,	3 2 10 8 5 4 11 7 6 9 1 0 
18622,	0.078,	0.0744553,	54136,	5 3 0 11 10 1 6 9 2 7 4 8 
16814,	0.078,	0.0744553,	52166,	9 6 10 0 7 4 5 11 2 8 3 1 
18004,	0.068,	0.0744553,	57760,	10 5 0 7 4 3 2 1 6 8 9 11 
10096,	0.088,	0.0744553,	51294,	10 5 4 11 7 3 2 6 1 0 8 9 
12986,	0.096,	0.0744553,	37686,	5 10 9 8 11 4 7 0 2 6 3 1 
11326,	0.107,	0.0744553,	34268,	4 6 3 9 2 0 1 5 8 10 11 7 
11558,	0.087,	0.0744553,	34592,	10 5 8 11 7 3 1 6 2 0 4 9 
13138,	0.106,	0.0744553,	36606,	6 0 4 11 1 9 2 10 7 5 8 3 
11852,	0.069,	0.0744553,	41220,	4 6 11 7 2 9 8 10 0 5 1 3 
12216,	0.059,	0.0744553,	48118,	3 5 1 8 2 10 11 0 7 6 9 4 
14596,	0.068,	0.0744553,	63384,	2 4 10 11 3 6 5 7 1 9 8 0 
12062,	0.096,	0.0744553,	52310,	6 4 11 1 0 10 8 5 7 3 9 2 
12008,	0.107,	0.0744553,	54452,	3 5 8 1 0 10 11 6 7 4 9 2 
10240,	0.077,	0.0744553,	43028,	10 5 4 11 7 3 2 9 1 6 8 0 
15586,	0.069,	0.0744553,	46718,	7 10 11 8 9 4 1 5 6 3 0 2 
14990,	0.087,	0.0744553,	40310,	3 2 7 1 5 4 10 9 11 6 8 0 
11248,	0.087,	0.0744553,	46892,	3 5 9 1 2 10 7 4 11 6 8 0 
13430,	0.078,	0.0744553,	36120,	5 3 9 11 10 2 7 4 8 6 1 0 
10476,	0.087,	0.0744553,	49562,	4 6 7 9 2 0 8 10 1 5 11 3 
14086,	0.09,	0.0744553,	39888,	4 10 6 7 9 5 1 0 11 3 8 2 
15332,	0.097,	0.0744553,	45728,	5 3 10 1 8 2 11 4 9 6 7 0 
13692,	0.049,	0.0744553,	38176,	10 5 0 2 7 3 1 9 8 6 11 4 
12284,	0.087,	0.0744553,	45220,	9 6 2 1 7 0 3 4 8 10 11 5 
20152,	0.049,	0.0744553,	46206,	1 3 7 0 8 2 9 10 4 5 6 11 
12300,	0.078,	0.0744553,	50152,	5 10 4 11 3 7 2 6 8 0 1 9 
15912,	0.078,	0.0744553,	46558,	9 4 5 0 7 2 3 10 6 11 1 8 
12216,	0.087,	0.0744553,	35260,	3 5 1 8 2 10 11 0 7 6 9 4 
15956,	0.078,	0.0744553,	42582,	3 0 8 7 2 6 1 5 4 10 9 11 
20216,	0.058,	0.0744553,	52346,	1 3 4 0 8 2 6 10 9 5 7 11 
14388,	0.078,	0.0744553,	44602,	6 4 3 8 1 2 5 7 10 9 11 0 
17232,	0.088,	0.0744553,	48164,	1 6 9 11 8 0 7 4 10 2 5 3 
17674,	0.049,	0.0744553,	30686,	11 6 10 1 8 4 5 7 2 9 3 0 
10790,	0.068,	0.0744553,	54368,	0 6 3 1 9 4 2 5 8 10 11 7 
14928,	0.068,	0.0744553,	44324,	9 6 5 1 7 0 10 3 8 2 11 4 
20780,	0.068,	0.0744553,	46686,	6 1 9 11 0 8 2 4 3 10 5 7 
11864,	0.039,	0.0744553,	19172,	5 10 9 8 3 11 7 6 1 4 0 2 
13798,	0.059,	0.0744553,	45970,	6 0 11 1 9 3 8 5 2 10 4 7 
16964,	0.095,	0.0744553,	26808,	3 5 6 0 2 11 9 4 8 10 1 7 
10122,	0.095,	0.0744553,	44990,	10 5 0 11 7 3 9 6 1 4 8 2 
13798,	0.059,	0.0744553,	44062,	6 0 11 1 9 3 8 5 2 10 4 7 
12492,	0.068,	0.0744553,	34946,	6 9 5 1 0 7 3 10 8 4 11 2 
14258,	0.088,	0.0744553,	41318,	5 10 8 7 11 4 1 6 2 0 3 9 
19294,	0.039,	0.0744553,	52222,	11 10 4 6 1 5 9 2 8 3 7 0 
12062,	0.098,	0.0744553,	44052,	6 4 11 1 0 10 8 5 7 3 9 2 
14158,	0.089,	0.0744553,	59358,	5 3 9 11 10 0 7 6 1 4 8 2 
12284,	0.108,	0.0744553,	60228,	9 6 2 1 7 0 3 4 8 10 11 5 
11560,	0.079,	0.0744553,	42330,	9 6 8 0 7 4 1 5 2 10 3 11 
20622,	0.088,	0.0744553,	49200,	6 1 3 11 4 8 2 7 5 9 10 0 
13210,	0.069,	0.0744553,	55070,	9 4 11 0 7 2 8 10 6 5 1 3 
10476,	0.089,	0.0744553,	51664,	4 6 7 9 2 0 8 10 1 5 11 3 
18270,	0.05,	0.0744553,	34490,	2 4 10 0 3 6 5 11 9 8 7 1 
13726,	0.069,	0.0744553,	43188,	9 6 10 1 7 0 5 4 8 2 11 3 
19442,	0.031,	0.0744553,	40928,	11 5 6 1 8 3 9 4 2 10 0 7 
13244,	0.071,	0.0744553,	45602,	4 6 11 7 9 0 1 10 3 5 2 8 
18778,	0.05,	0.0744553,	50078,	5 3 10 8 11 0 7 2 6 4 1 9 
18788,	0.039,	0.0744553,	44332,	1 9 0 11 8 7 3 6 10 4 5 2 
11198,	0.091,	0.0744553,	49170,	10 4 7 11 5 2 3 9 8 6 1 0 
14630,	0.1,	0.0744553,	42180,	6 0 8 11 1 9 7 10 4 5 2 3 
16848,	0.101,	0.0744553,	63698,	10 11 8 7 5 1 3 6 0 4 9 2 
10214,	0.059,	0.0744553,	53874,	6 4 3 9 0 2 1 5 11 10 8 7 
16168,	0.079,	0.0744553,	47584,	6 4 9 11 1 2 7 0 10 3 5 8 
13674,	0.088,	0.0744553,	45294,	7 10 6 8 9 5 0 4 11 2 1 3 
14444,	0.039,	0.0744553,	51412,	6 0 4 1 9 3 2 10 8 5 7 11 
11558,	0.108,	0.0744553,	55322,	10 5 8 11 7 3 1 6 2 0 4 9 
13496,	0.059,	0.0744553,	52300,	3 5 4 1 0 10 2 6 11 9 8 7 
15106,	0.068,	0.0744553,	40300,	5 10 9 8 11 7 6 4 0 2 1 3 
22138,	0.04,	0.0744553,	40346,	6 11 7 9 0 10 5 4 8 2 1 3 
19442,	0.059,	0.0744553,	53568,	11 5 6 1 8 3 9 4 2 10 0 7 
16160,	0.059,	0.0744553,	32682,	1 6 3 11 8 9 0 5 4 10 2 7 
15440,	0.077,	0.0744553,	51702,	4 10 0 2 6 5 3 1 9 8 7 11 
13264,	0.049,	0.0744553,	33804,	10 5 8 11 4 3 1 6 2 9 0 7 
11754,	0.068,	0.0744553,	57516,	6 9 11 1 0 7 8 10 3 4 5 2 
12490,	0.068,	0.0744553,	30976,	4 10 8 7 2 5 11 6 3 0 1 9 
11248,	0.069,	0.0744553,	47260,	3 5 9 1 2 10 7 4 11 6 8 0 
13348,	0.068,	0.0744553,	40648,	6 4 3 1 0 2 5 9 11 7 8 10 
10096,	0.136,	0.0744553,	59842,	10 5 4 11 7 3 2 6 1 0 8 9 
20170,	0.068,	0.0744553,	46988,	2 4 6 1 3 10 0 8 7 11 9 5 
18362,	0.068,	0.0744553,	42204,	2 3 8 6 4 0 1 5 9 10 7 11 
13080,	0.081,	0.0744553,	44550,	9 6 11 1 7 0 8 10 3 4 5 2 
15582,	0.087,	0.0744553,	48770,	9 4 3 1 7 2 5 0 10 6 11 8 
11444,	0.075,	0.0744553,	50818,	6 9 3 1 0 7 8 5 4 10 2 11 
16410,	0.062,	0.0744553,	43378,	3 2 10 1 0 4 5 7 11 9 8 6 
11668,	0.103,	0.0744553,	34674,	10 4 11 7 5 2 8 6 3 0 1 9 
16076,	0.089,	0.0744553,	48094,	3 0 9 2 5 6 1 4 8 10 11 7 
15162,	0.049,	0.0744553,	42878,	10 4 8 2 7 6 1 3 0 5 9 11 
14258,	0.069,	0.0744553,	49166,	5 10 8 7 11 4 1 6 2 0 3 9 
15622,	0.083,	0.0744553,	47684,	6 0 8 11 1 9 7 10 3 4 5 2 
9552,	0.051,	0.0744553,	32570,	6 4 11 1 0 2 8 10 9 5 7 3 
21078,	0.061,	0.0744553,	45196,	5 3 9 11 10 2 0 1 4 8 6 7 
14272,	0.061,	0.0744553,	50966,	10 4 0 11 7 2 1 3 6 5 9 8 
10122,	0.069,	0.0744553,	45388,	10 5 0 11 7 3 9 6 1 4 8 2 
13798,	0.09,	0.0744553,	45904,	6 0 11 1 9 3 8 5 2 10 4 7 
17178,	0.061,	0.0744553,	41660,	3 5 6 0 2 10 4 11 7 8 9 1 
11418,	0.133,	0.0744553,	54472,	6 4 3 1 0 9 2 5 8 10 11 7 
13778,	0.061,	0.0744553,	46578,	11 10 0 1 8 5 3 6 9 4 7 2 
11838,	0.098,	0.0744553,	49502,	4 6 3 9 2 0 7 5 1 10 8 11 
14468,	0.07,	0.0744553,	56574,	5 3 1 11 10 2 8 0 9 6 7 4 
12850,	0.063,	0.0744553,	47272,	5 10 9 8 3 11 7 0 2 6 4 1 
11302,	0.08,	0.0744553,	50572,	6 9 8 0 4 7 1 5 3 10 2 11 
13356,	0.079,	0.0744553,	70138,	6 4 11 9 0 2 8 5 10 3 7 1 
12270,	0.071,	0.0744553,	58806,	7 10 2 8 9 5 3 4 11 6 1 0 
9552,	0.068,	0.0744553,	43448,	6 4 11 1 0 2 8 10 9 5 7 3 
13140,	0.07,	0.0744553,	36104,	10 7 3 11 5 9 2 0 1 6 8 4 
14990,	0.082,	0.0744553,	43108,	3 2 7 1 5 4 10 9 8 6 11 0 
12370,	0.07,	0.0744553,	59780,	10 4 3 11 5 2 8 0 9 6 7 1 
12776,	0.081,	0.0744553,	44368,	4 6 9 2 10 0 7 3 1 5 8 11 
12602,	0.062,	0.0744553,	51912,	10 7 8 11 5 9 1 6 0 4 3 2 
13076,	0.08,	0.0744553,	39054,	6 4 1 8 0 2 11 9 3 7 5 10 
10782,	0.1,	0.0744553,	47722,	6 9 3 0 4 7 2 5 8 10 1 11 
12314,	0.059,	0.0744553,	39332,	6 4 9 1 0 10 7 5 11 3 8 2 
13080,	0.069,	0.0744553,	37738,	9 6 11 1 7 0 8 10 3 4 5 2 
10240,	0.069,	0.0744553,	32846,	10 5 4 11 7 3 2 9 1 6 8 0 
10624,	0.089,	0.0744553,	55952,	9 6 3 0 7 4 2 5 8 10 1 11 
13384,	0.089,	0.0744553,	49960,	5 10 3 8 11 7 1 0 4 6 2 9 
13372,	0.118,	0.0744553,	51216,	10 4 11 7 5 9 8 6 3 0 2 1 
14074,	0.079,	0.0744553,	50476,	6 4 5 1 0 2 3 10 9 11 7 8 
10476,	0.099,	0.0744553,	52476,	4 6 7 9 2 0 8 10 1 5 11 3 
15624,	0.059,	0.0744553,	50304,	3 2 8 1 5 4 11 6 10 0 7 9 
17984,	0.108,	0.0744553,	42866,	4 6 0 7 2 9 3 1 5 8 10 11 
19818,	0.04,	0.0744553,	46076,	9 0 2 8 7 1 3 4 5 6 10 11 
12130,	0.06,	0.0744553,	45052,	4 10 3 7 2 5 1 0 11 6 8 9 
10192,	0.069,	0.0744553,	59732,	6 4 3 1 0 2 8 5 9 10 7 11 
11838,	0.088,	0.0744553,	48800,	6 4 11 1 0 9 8 5 3 10 2 7 
12820,	0.039,	0.0744553,	56836,	0 6 7 1 9 4 8 10 2 5 3 11 
14388,	0.069,	0.0744553,	55198,	6 4 3 8 1 2 5 7 10 9 11 0 
14266,	0.089,	0.0744553,	58612,	9 6 4 1 7 0 2 10 3 11 5 8 
13740,	0.049,	0.0744553,	34594,	4 6 5 9 2 0 3 11 1 10 8 7 
15976,	0.05,	0.0744553,	31752,	6 0 3 11 1 9 5 2 7 4 8 10 
14186,	0.069,	0.0744553,	40018,	4 2 8 7 6 3 1 5 0 10 9 11 
11646,	0.097,	0.0744553,	56066,	5 10 8 11 3 7 1 6 9 4 0 2 
16516,	0.099,	0.0744553,	55216,	3 2 7 1 5 4 9 10 6 11 0 8 
17718,	0.078,	0.0744553,	48968,	0 3 7 1 6 2 8 10 4 5 9 11 
18794,	0.069,	0.0744553,	48722,	0 3 11 9 6 2 1 10 4 5 7 8 
16908,	0.049,	0.0744553,	47362,	3 0 1 7 5 9 8 6 10 4 11 2 
13412,	0.059,	0.0744553,	54678,	9 6 2 0 7 4 3 10 8 5 1 11 
13726,	0.088,	0.0744553,	45640,	9 6 10 1 7 0 5 4 8 2 11 3 
16056,	0.039,	0.0744553,	36648,	9 7 4 1 0 10 6 2 11 3 8 5 
14816,	0.069,	0.0744553,	56566,	3 2 8 1 0 4 11 5 6 10 9 7 
13068,	0.109,	0.0744553,	51328,	5 10 4 8 3 11 2 6 1 9 0 7 
13430,	0.116,	0.0744553,	48570,	5 3 9 11 10 2 7 4 8 6 1 0 
13430,	0.108,	0.0744553,	46958,	5 3 9 11 10 2 7 4 8 6 1 0 
15194,	0.069,	0.0744553,	32300,	3 2 0 1 5 4 6 9 11 7 8 10 
15110,	0.059,	0.0744553,	35820,	6 4 8 2 1 10 11 7 5 9 3 0 
11444,	0.059,	0.0744553,	64772,	6 9 3 1 0 7 8 5 4 10 2 11 
15800,	0.078,	0.0744553,	46114,	5 10 3 1 8 11 0 7 2 9 4 6 
19700,	0.059,	0.0744553,	29962,	9 4 8 0 7 10 5 6 2 1 3 11 
13372,	0.079,	0.0744553,	45716,	10 4 11 7 5 9 8 6 3 0 2 1 
10624,	0.107,	0.0744553,	33662,	9 6 3 0 7 4 2 5 8 10 1 11 
