16122,	0.06,	0.0825388,	6,	3 0 7 2 5 6 8 10 1 4 11 9 
10476,	0.088,	0.0825388,	9,	4 6 7 9 2 0 8 10 1 5 11 3 
13238,	0.082,	0.0825388,	8,	9 6 3 1 7 0 5 2 8 4 11 10 
11558,	0.107,	0.0825388,	11,	10 5 8 11 7 3 1 6 2 0 4 9 
12412,	0.081,	0.0825388,	8,	4 6 10 7 2 9 11 5 1 3 8 0 
15734,	0.051,	0.0825388,	5,	4 6 7 2 10 0 9 8 3 11 5 1 
13002,	0.078,	0.0825388,	8,	6 9 10 1 0 7 5 4 8 2 11 3 
10214,	0.121,	0.0825388,	12,	6 4 3 9 0 2 1 5 11 10 8 7 
12156,	0.06,	0.0825388,	6,	10 5 0 8 11 3 1 6 2 9 4 7 
14644,	0.091,	0.0825388,	9,	6 4 8 11 1 2 3 7 10 9 5 0 
10580,	0.079,	0.0825388,	8,	9 6 4 1 7 0 2 10 8 5 11 3 
14130,	0.06,	0.0825388,	6,	6 0 3 8 1 9 7 5 4 10 2 11 
12190,	0.081,	0.0825388,	8,	4 6 10 7 9 0 11 5 1 3 8 2 
10506,	0.061,	0.0825388,	6,	6 4 7 1 0 2 9 10 11 5 8 3 
13604,	0.092,	0.0825388,	9,	10 7 1 11 5 9 8 0 3 6 2 4 
12738,	0.08,	0.0825388,	8,	4 9 11 2 6 7 8 10 0 5 1 3 
13778,	0.06,	0.0825388,	6,	11 10 0 1 8 5 3 6 9 4 7 2 
12910,	0.061,	0.0825388,	6,	9 4 3 0 7 2 8 5 6 10 1 11 
13298,	0.089,	0.0825388,	9,	3 5 8 1 2 10 11 6 7 4 0 9 
12602,	0.059,	0.0825388,	6,	10 7 8 11 5 9 1 6 0 4 3 2 
16510,	0.08,	0.0825388,	8,	9 6 8 0 7 4 11 2 10 3 5 1 
11556,	0.08,	0.0825388,	8,	4 6 11 9 2 0 1 10 7 5 8 3 
12174,	0.091,	0.0825388,	9,	4 10 7 9 2 5 3 0 11 6 8 1 
14228,	0.072,	0.0825388,	7,	7 10 0 8 9 11 1 6 5 4 3 2 
12294,	0.049,	0.0825388,	5,	4 10 3 2 6 5 1 7 11 9 8 0 
17308,	0.059,	0.0825388,	6,	4 2 0 10 6 3 1 9 5 7 11 8 
11326,	0.091,	0.0825388,	9,	4 6 3 9 2 0 1 5 8 10 11 7 
13662,	0.08,	0.0825388,	8,	11 10 9 1 8 5 7 6 3 4 0 2 
11838,	0.111,	0.0825388,	11,	6 4 11 1 0 9 8 5 3 10 2 7 
17504,	0.061,	0.0825388,	6,	10 5 0 2 4 3 6 1 7 8 9 11 
10214,	0.097,	0.0825388,	9,	6 4 3 9 0 2 1 5 11 10 8 7 
16510,	0.071,	0.0825388,	7,	9 6 8 0 7 4 11 2 10 3 5 1 
17018,	0.079,	0.0825388,	8,	2 3 7 11 4 5 10 9 8 6 1 0 
14746,	0.071,	0.0825388,	7,	7 10 8 0 9 5 11 4 3 6 2 1 
14272,	0.08,	0.0825388,	8,	10 4 0 11 7 2 1 3 6 5 9 8 
11876,	0.062,	0.0825388,	6,	10 7 2 11 5 9 3 4 1 6 8 0 
14158,	0.136,	0.0825388,	13,	5 3 9 11 10 0 7 6 1 4 8 2 
18312,	0.06,	0.0825388,	6,	3 0 2 1 5 6 8 4 11 9 10 7 
16210,	0.092,	0.0825388,	9,	9 4 1 3 7 2 11 0 10 6 5 8 
14986,	0.08,	0.0825388,	8,	11 10 6 1 8 5 0 9 3 7 2 4 
14608,	0.061,	0.0825388,	6,	10 4 0 7 5 6 9 2 8 3 11 1 
9916,	0.091,	0.0825388,	9,	6 9 4 1 0 7 2 10 8 5 11 3 
12816,	0.08,	0.0825388,	8,	3 5 8 1 2 10 11 4 7 6 9 0 
13798,	0.07,	0.0825388,	7,	6 0 11 1 9 3 8 5 2 10 4 7 
13798,	0.099,	0.0825388,	10,	6 0 11 1 9 3 8 5 2 10 4 7 
14608,	0.091,	0.0825388,	9,	10 4 0 7 5 6 9 2 8 3 11 1 
12486,	0.119,	0.0825388,	12,	10 5 0 11 4 3 2 6 1 9 8 7 
13624,	0.06,	0.0825388,	6,	4 2 9 7 6 3 0 5 1 10 8 11 
11556,	0.081,	0.0825388,	8,	4 6 11 9 2 0 1 10 7 5 8 3 
16214,	0.069,	0.0825388,	7,	6 9 1 2 0 7 8 3 10 5 4 11 
17980,	0.049,	0.0825388,	5,	0 3 10 2 6 5 11 7 8 9 1 4 
12246,	0.071,	0.0825388,	7,	3 5 0 1 2 10 7 6 11 4 8 9 
10506,	0.1,	0.0825388,	10,	6 4 7 1 0 2 9 10 11 5 8 3 
16272,	0.082,	0.0825388,	8,	10 11 2 8 5 1 3 4 9 6 7 0 
17904,	0.06,	0.0825388,	6,	7 10 2 0 9 11 4 3 1 5 6 8 
10096,	0.102,	0.0825388,	10,	10 5 4 11 7 3 2 6 1 0 8 9 
12818,	0.052,	0.0825388,	5,	0 6 7 2 1 4 9 10 8 5 11 3 
21896,	0.08,	0.0825388,	8,	6 1 5 11 0 8 10 3 7 2 9 4 
11558,	0.13,	0.0825388,	13,	10 5 8 11 7 3 1 6 2 0 4 9 
17500,	0.06,	0.0825388,	6,	10 5 6 2 4 3 0 11 7 8 9 1 
12478,	0.07,	0.0825388,	7,	0 6 8 1 9 4 11 5 2 10 3 7 
11402,	0.07,	0.0825388,	7,	10 5 4 8 11 3 2 6 7 0 9 1 
11944,	0.08,	0.0825388,	8,	10 4 3 7 5 2 1 0 11 6 8 9 
15622,	0.109,	0.0825388,	11,	6 0 8 11 1 9 7 10 3 4 5 2 
10214,	0.1,	0.0825388,	10,	6 4 3 9 0 2 1 5 11 10 8 7 
11560,	0.081,	0.0825388,	8,	9 6 8 0 7 4 1 5 2 10 3 11 
13844,	0.08,	0.0825388,	8,	6 0 3 11 1 9 8 5 4 10 2 7 
22264,	0.06,	0.0825388,	6,	3 0 4 8 5 9 2 6 7 1 10 11 
15110,	0.07,	0.0825388,	7,	6 4 8 2 1 10 11 7 5 9 3 0 
11458,	0.069,	0.0825388,	7,	6 9 11 1 0 7 8 5 3 10 2 4 
12968,	0.079,	0.0825388,	8,	0 6 3 2 1 4 8 5 9 10 7 11 
17178,	0.07,	0.0825388,	7,	3 5 6 0 2 10 4 11 7 8 9 1 
15204,	0.099,	0.0825388,	10,	3 2 7 8 1 4 9 10 6 5 0 11 
15320,	0.091,	0.0825388,	9,	5 3 8 11 10 2 1 6 0 4 9 7 
11780,	0.069,	0.0825388,	7,	6 9 2 1 0 7 3 4 8 10 11 5 
12816,	0.068,	0.0825388,	7,	3 5 8 1 2 10 11 4 7 6 9 0 
12444,	0.08,	0.0825388,	8,	5 10 4 11 3 7 2 9 8 6 1 0 
14296,	0.089,	0.0825388,	9,	4 6 7 9 2 0 8 10 3 11 5 1 
10688,	0.081,	0.0825388,	8,	10 5 8 11 7 3 1 6 0 4 9 2 
11370,	0.109,	0.0825388,	11,	5 10 9 11 3 7 0 6 8 4 1 2 
16836,	0.072,	0.0825388,	7,	3 0 8 2 5 6 1 7 11 9 10 4 
11838,	0.109,	0.0825388,	11,	6 4 11 1 0 9 8 5 3 10 2 7 
11418,	0.099,	0.0825388,	10,	6 4 3 1 0 9 2 5 8 10 11 7 
11458,	0.071,	0.0825388,	7,	6 9 11 1 0 7 8 5 3 10 2 4 
13624,	0.071,	0.0825388,	7,	10 7 8 11 5 9 1 6 4 0 2 3 
12836,	0.104,	0.0825388,	10,	11 10 2 1 8 5 3 4 9 6 7 0 
12096,	0.069,	0.0825388,	7,	9 6 5 1 7 0 3 10 8 4 11 2 
13432,	0.05,	0.0825388,	5,	10 7 3 11 5 9 0 2 1 4 8 6 
14258,	0.108,	0.0825388,	11,	5 10 8 7 11 4 1 6 2 0 3 9 
13798,	0.079,	0.0825388,	8,	6 0 11 1 9 3 8 5 2 10 4 7 
15408,	0.083,	0.0825388,	8,	7 10 3 8 9 4 2 0 5 6 11 1 
9552,	0.118,	0.0825388,	12,	6 4 11 1 0 2 8 10 9 5 7 3 
19788,	0.063,	0.0825388,	6,	5 3 9 11 10 2 0 6 4 1 7 8 
12816,	0.078,	0.0825388,	8,	3 5 8 1 2 10 11 4 7 6 9 0 
13372,	0.111,	0.0825388,	11,	10 4 11 7 5 9 8 6 3 0 2 1 
14646,	0.062,	0.0825388,	6,	4 10 1 2 6 11 8 0 5 9 3 7 
13002,	0.118,	0.0825388,	12,	6 9 10 1 0 7 5 4 8 2 11 3 
16322,	0.062,	0.0825388,	6,	10 4 2 11 5 6 8 3 9 0 7 1 
11198,	0.089,	0.0825388,	9,	10 4 7 11 5 2 3 9 8 6 1 0 
11560,	0.109,	0.0825388,	11,	9 6 8 0 7 4 1 5 2 10 3 11 
11646,	0.098,	0.0825388,	10,	5 10 8 11 3 7 1 6 9 4 0 2 
17306,	0.049,	0.0825388,	5,	0 3 2 1 6 5 8 4 9 10 7 11 
12216,	0.06,	0.0825388,	6,	3 5 1 8 2 10 11 0 7 6 9 4 
18788,	0.031,	0.0825388,	3,	1 9 0 11 8 7 3 6 10 4 5 2 
18062,	0.05,	0.0825388,	5,	3 0 4 1 5 6 2 10 9 11 7 8 
12062,	0.078,	0.0825388,	8,	6 4 11 1 0 10 8 5 7 3 9 2 
20278,	0.051,	0.0825388,	5,	3 0 4 2 5 1 10 6 8 9 11 7 
11560,	0.09,	0.0825388,	9,	9 6 8 0 7 4 1 5 2 10 3 11 
11558,	0.08,	0.0825388,	8,	10 5 8 11 7 3 1 6 2 0 4 9 
12300,	0.073,	0.0825388,	7,	5 10 4 11 3 7 2 6 8 0 1 9 
16956,	0.059,	0.0825388,	6,	2 3 10 0 4 5 11 7 8 9 1 6 
14348,	0.071,	0.0825388,	7,	0 6 4 1 3 9 2 5 8 10 11 7 
10506,	0.128,	0.0825388,	13,	6 4 7 1 0 2 9 10 11 5 8 3 
13034,	0.07,	0.0825388,	7,	3 5 6 1 2 10 0 4 11 9 8 7 
17480,	0.052,	0.0825388,	5,	2 4 6 11 3 10 1 9 5 7 8 0 
17930,	0.079,	0.0825388,	8,	5 3 2 8 10 0 11 4 9 6 7 1 
20146,	0.083,	0.0825388,	8,	6 1 10 11 4 8 5 7 3 9 2 0 
14086,	0.082,	0.0825388,	8,	4 10 6 7 9 5 1 0 11 3 8 2 
16560,	0.042,	0.0825388,	4,	5 10 2 8 3 11 1 4 6 9 0 7 
10782,	0.085,	0.0825388,	8,	6 9 3 0 4 7 2 5 8 10 1 11 
12968,	0.091,	0.0825388,	9,	6 9 10 0 4 7 11 5 8 3 1 2 
11560,	0.06,	0.0825388,	6,	9 6 8 0 7 4 1 5 2 10 3 11 
17872,	0.081,	0.0825388,	8,	3 5 0 8 1 11 6 10 7 4 9 2 
17144,	0.082,	0.0825388,	8,	3 0 8 1 2 6 11 7 10 9 5 4 
12096,	0.122,	0.0825388,	12,	9 6 5 1 7 0 3 10 8 4 11 2 
12444,	0.098,	0.0825388,	10,	5 10 4 11 3 7 2 9 8 6 1 0 
12820,	0.08,	0.0825388,	8,	0 6 7 1 9 4 8 10 2 5 3 11 
12560,	0.108,	0.0825388,	11,	5 10 8 11 3 7 1 6 4 0 2 9 
13686,	0.04,	0.0825388,	4,	6 4 10 8 1 2 11 7 3 9 5 0 
10476,	0.112,	0.0825388,	11,	4 6 7 9 2 0 8 10 1 5 11 3 
17822,	0.05,	0.0825388,	5,	0 3 6 1 9 2 8 4 11 10 5 7 
14106,	0.089,	0.0825388,	9,	4 2 7 9 6 3 0 10 1 5 8 11 
15758,	0.088,	0.0825388,	9,	9 7 1 0 6 10 8 3 4 5 2 11 
14910,	0.088,	0.0825388,	9,	9 6 5 1 7 0 3 10 2 11 4 8 
10214,	0.061,	0.0825388,	6,	6 4 3 9 0 2 1 5 11 10 8 7 
10688,	0.118,	0.0825388,	12,	10 5 8 11 7 3 1 6 0 4 9 2 
11722,	0.07,	0.0825388,	7,	10 5 7 2 11 3 9 4 1 6 8 0 
10192,	0.079,	0.0825388,	8,	6 4 3 1 0 2 8 5 9 10 7 11 
12300,	0.07,	0.0825388,	7,	5 10 4 11 3 7 2 6 8 0 1 9 
15758,	0.06,	0.0825388,	6,	6 0 11 2 4 1 8 10 9 5 7 3 
12096,	0.049,	0.0825388,	5,	9 6 5 1 7 0 3 10 8 4 11 2 
16468,	0.089,	0.0825388,	9,	2 4 1 7 3 10 8 0 5 6 11 9 
12968,	0.08,	0.0825388,	8,	0 6 3 2 1 4 8 5 9 10 7 11 
14304,	0.08,	0.0825388,	8,	11 10 6 1 8 5 0 4 3 9 2 7 
16424,	0.068,	0.0825388,	7,	9 6 1 2 7 0 8 3 10 5 4 11 
18590,	0.079,	0.0825388,	8,	9 4 10 7 6 2 5 11 3 8 0 1 
13486,	0.088,	0.0825388,	9,	6 9 10 1 0 7 4 5 8 3 11 2 
10192,	0.11,	0.0825388,	11,	6 4 3 1 0 2 8 5 9 10 7 11 
18782,	0.03,	0.0825388,	3,	7 10 6 8 9 5 4 0 3 1 2 11 
11418,	0.069,	0.0825388,	7,	6 4 3 1 0 9 2 5 8 10 11 7 
12310,	0.11,	0.0825388,	11,	4 10 9 11 2 5 7 6 8 0 1 3 
14514,	0.098,	0.0825388,	10,	5 10 3 1 8 11 0 2 7 4 9 6 
13680,	0.079,	0.0825388,	8,	10 4 3 7 5 9 2 0 8 6 11 1 
16844,	0.079,	0.0825388,	8,	10 11 7 4 5 1 8 9 3 6 2 0 
14798,	0.09,	0.0825388,	9,	9 7 8 1 0 10 11 6 5 4 3 2 
13222,	0.089,	0.0825388,	9,	5 10 3 7 11 4 2 0 8 6 1 9 
17570,	0.069,	0.0825388,	7,	8 3 7 1 11 5 9 10 0 4 6 2 
17980,	0.081,	0.0825388,	8,	0 3 10 2 6 5 11 7 8 9 1 4 
10476,	0.088,	0.0825388,	9,	4 6 7 9 2 0 8 10 1 5 11 3 
16440,	0.071,	0.0825388,	7,	9 7 2 1 0 10 3 4 5 6 11 8 
16240,	0.078,	0.0825388,	8,	0 6 3 2 1 4 5 9 11 7 8 10 
15868,	0.07,	0.0825388,	7,	9 7 2 0 6 10 4 3 8 5 1 11 
11248,	0.119,	0.0825388,	12,	3 5 9 1 2 10 7 4 11 6 8 0 
11722,	0.06,	0.0825388,	6,	10 5 7 2 11 3 9 4 1 6 8 0 
12062,	0.079,	0.0825388,	8,	6 4 11 1 0 10 8 5 7 3 9 2 
16062,	0.061,	0.0825388,	6,	0 3 1 7 9 5 8 6 10 4 11 2 
16122,	0.079,	0.0825388,	8,	3 0 7 2 5 6 8 10 1 4 11 9 
13190,	0.064,	0.0825388,	6,	7 10 2 0 9 5 3 4 11 6 8 1 
12036,	0.071,	0.0825388,	7,	10 5 7 8 11 3 9 0 2 6 4 1 
9916,	0.08,	0.0825388,	8,	6 9 4 1 0 7 2 10 8 5 11 3 
13156,	0.091,	0.0825388,	9,	5 10 4 8 3 11 2 6 7 0 9 1 
13222,	0.069,	0.0825388,	7,	5 10 3 7 11 4 2 0 8 6 1 9 
17674,	0.069,	0.0825388,	7,	11 6 10 1 8 4 5 7 2 9 3 0 
17298,	0.07,	0.0825388,	7,	3 0 7 1 5 6 9 10 4 11 2 8 
16896,	0.059,	0.0825388,	6,	0 3 8 1 9 5 11 6 10 4 7 2 
13662,	0.069,	0.0825388,	7,	11 10 9 1 8 5 7 6 3 4 0 2 
13902,	0.071,	0.0825388,	7,	9 6 8 0 7 4 1 5 10 3 11 2 
13902,	0.079,	0.0825388,	8,	9 6 8 0 7 4 1 5 10 3 11 2 
11444,	0.059,	0.0825388,	6,	6 9 3 1 0 7 8 5 4 10 2 11 
12412,	0.082,	0.0825388,	8,	4 6 10 7 2 9 11 5 1 3 8 0 
12018,	0.051,	0.0825388,	5,	10 7 0 11 5 9 3 6 1 4 8 2 
14910,	0.118,	0.0825388,	11,	9 6 5 1 7 0 3 10 2 11 4 8 
15992,	0.104,	0.0825388,	9,	4 10 2 7 6 5 3 11 9 8 0 1 
17876,	0.08,	0.0825388,	7,	5 3 7 8 11 2 0 10 6 4 1 9 
15758,	0.084,	0.0825388,	7,	9 7 1 0 6 10 8 3 4 5 2 11 
10580,	0.154,	0.0825388,	12,	9 6 4 1 7 0 2 10 8 5 11 3 
13052,	0.118,	0.0825388,	8,	10 5 2 8 11 3 1 4 7 6 9 0 
16702,	0.107,	0.0825388,	8,	3 0 7 1 2 6 8 10 4 5 9 11 
15618,	0.111,	0.0825388,	8,	5 3 4 11 10 2 6 7 8 9 1 0 
12490,	0.141,	0.0825388,	11,	4 10 8 7 2 5 11 6 3 0 1 9 
16510,	0.084,	0.0825388,	7,	9 6 8 0 7 4 11 2 10 3 5 1 
17380,	0.065,	0.0825388,	6,	4 10 7 9 2 5 0 8 3 11 1 6 
12018,	0.079,	0.0825388,	7,	10 7 0 11 5 9 3 6 1 4 8 2 
10624,	0.066,	0.0825388,	6,	9 6 3 0 7 4 2 5 8 10 1 11 
12062,	0.092,	0.0825388,	8,	6 4 11 1 0 10 8 5 7 3 9 2 
17656,	0.068,	0.0825388,	6,	10 11 0 8 5 1 3 6 2 9 4 7 
14326,	0.093,	0.0825388,	8,	4 6 8 2 10 0 11 7 3 9 5 1 
12776,	0.11,	0.0825388,	9,	4 6 9 2 10 0 7 3 1 5 8 11 
15032,	0.085,	0.0825388,	6,	11 10 2 1 8 5 3 4 0 9 6 7 
11908,	0.099,	0.0825388,	9,	9 6 3 1 7 0 8 5 2 10 4 11 
11248,	0.114,	0.0825388,	11,	3 5 9 1 2 10 7 4 11 6 8 0 
12734,	0.093,	0.0825388,	9,	7 10 3 8 9 5 2 0 11 6 1 4 
17210,	0.063,	0.0825388,	6,	2 3 0 8 4 5 1 6 10 9 11 7 
10688,	0.083,	0.0825388,	8,	10 5 8 11 7 3 1 6 0 4 9 2 
11838,	0.066,	0.0825388,	6,	4 6 7 9 2 0 3 10 1 5 8 11 
11558,	0.108,	0.0825388,	10,	10 5 8 11 7 3 1 6 2 0 4 9 
14688,	0.132,	0.0825388,	13,	0 3 7 1 6 5 9 10 11 4 8 2 
15986,	0.075,	0.0825388,	7,	3 0 7 8 1 6 9 10 4 5 2 11 
12208,	0.082,	0.0825388,	8,	9 6 11 1 7 0 8 10 2 5 4 3 
17070,	0.072,	0.0825388,	7,	5 3 7 8 11 0 9 10 6 4 1 2 
11326,	0.074,	0.0825388,	7,	4 6 3 9 2 0 1 5 8 10 11 7 
13682,	0.062,	0.0825388,	6,	0 6 8 1 3 9 11 5 4 10 2 7 
14714,	0.051,	0.0825388,	5,	4 10 9 2 6 11 7 3 1 5 0 8 
12216,	0.081,	0.0825388,	8,	3 5 1 8 2 10 11 0 7 6 9 4 
12776,	0.072,	0.0825388,	7,	4 6 9 2 10 0 7 3 1 5 8 11 
14228,	0.071,	0.0825388,	7,	7 10 0 8 9 11 1 6 5 4 3 2 
17150,	0.09,	0.0825388,	8,	2 3 6 11 4 5 0 9 8 7 1 10 
12754,	0.079,	0.0825388,	7,	6 9 3 1 0 7 5 2 8 4 11 10 
17418,	0.065,	0.0825388,	5,	10 4 6 7 5 9 0 11 3 8 2 1 
12334,	0.083,	0.0825388,	7,	9 4 3 7 6 2 0 5 8 10 1 11 
11668,	0.088,	0.0825388,	8,	10 4 11 7 5 2 8 6 3 0 1 9 
11992,	0.092,	0.0825388,	8,	10 4 3 11 5 6 2 7 1 9 8 0 
14528,	0.089,	0.0825388,	7,	7 10 11 8 9 5 1 4 3 6 2 0 
14926,	0.09,	0.0825388,	8,	1 6 3 11 8 0 2 5 9 10 7 4 
12814,	0.091,	0.0825388,	8,	10 4 0 11 5 6 1 9 3 7 2 8 
15012,	0.069,	0.0825388,	6,	7 9 3 8 10 0 5 2 1 4 11 6 
17232,	0.069,	0.0825388,	6,	1 6 9 11 8 0 7 4 10 2 5 3 
12820,	0.081,	0.0825388,	7,	0 6 7 1 9 4 8 10 2 5 3 11 
15896,	0.09,	0.0825388,	8,	1 6 9 11 8 0 7 4 3 10 2 5 
11876,	0.077,	0.0825388,	7,	10 7 2 11 5 9 3 4 1 6 8 0 
10214,	0.085,	0.0825388,	7,	6 4 3 9 0 2 1 5 11 10 8 7 
15744,	0.071,	0.0825388,	6,	6 4 1 8 0 10 11 9 2 7 3 5 
13700,	0.13,	0.0825388,	11,	10 5 9 2 7 3 1 4 8 6 11 0 
15918,	0.092,	0.0825388,	8,	0 3 11 1 6 5 8 10 9 4 7 2 
13618,	0.078,	0.0825388,	7,	4 10 6 7 2 5 9 0 11 3 8 1 
13898,	0.091,	0.0825388,	8,	4 10 2 11 6 5 3 7 8 9 1 0 
14782,	0.085,	0.0825388,	7,	9 7 3 1 0 10 5 2 11 4 8 6 
10214,	0.084,	0.0825388,	8,	6 4 3 9 0 2 1 5 11 10 8 7 
12174,	0.083,	0.0825388,	8,	4 10 7 9 2 5 3 0 11 6 8 1 
15924,	0.073,	0.0825388,	7,	2 4 9 11 3 10 7 0 5 6 8 1 
13094,	0.061,	0.0825388,	6,	10 5 4 2 11 3 6 7 1 9 8 0 
11326,	0.105,	0.0825388,	10,	4 6 3 9 2 0 1 5 8 10 11 7 
12850,	0.091,	0.0825388,	9,	5 10 9 8 3 11 7 0 2 6 4 1 
12444,	0.086,	0.0825388,	8,	5 10 4 11 3 7 2 9 8 6 1 0 
13226,	0.084,	0.0825388,	8,	9 4 11 1 7 2 8 10 0 5 6 3 
14158,	0.05,	0.0825388,	5,	5 3 9 11 10 0 7 6 1 4 8 2 
10506,	0.085,	0.0825388,	8,	6 4 7 1 0 2 9 10 11 5 8 3 
15228,	0.092,	0.0825388,	9,	5 3 0 11 10 2 7 6 8 4 1 9 
15320,	0.041,	0.0825388,	4,	5 3 8 11 10 2 1 6 0 4 9 7 
13194,	0.065,	0.0825388,	6,	5 10 0 11 3 4 2 6 8 9 1 7 
11488,	0.069,	0.0825388,	7,	10 4 8 11 5 6 1 7 3 9 2 0 
15028,	0.08,	0.0825388,	8,	3 0 8 1 5 6 11 10 9 4 7 2 
12820,	0.104,	0.0825388,	10,	0 6 7 1 9 4 8 10 2 5 3 11 
17946,	0.069,	0.0825388,	7,	11 6 10 1 8 0 4 5 9 3 7 2 
12392,	0.06,	0.0825388,	6,	5 10 3 8 11 4 2 0 9 6 7 1 
11326,	0.094,	0.0825388,	9,	4 6 3 9 2 0 1 5 8 10 11 7 
18242,	0.069,	0.0825388,	7,	1 3 0 11 8 5 6 10 9 4 7 2 
13604,	0.078,	0.0825388,	8,	6 9 8 0 4 7 1 5 10 3 11 2 
15342,	0.05,	0.0825388,	5,	5 10 7 8 3 11 2 4 1 6 0 9 
13778,	0.07,	0.0825388,	7,	11 10 0 1 8 5 3 6 9 4 7 2 
14000,	0.07,	0.0825388,	7,	2 4 7 0 3 6 9 10 1 5 8 11 
12968,	0.07,	0.0825388,	7,	6 9 10 0 4 7 11 5 8 3 1 2 
11370,	0.059,	0.0825388,	6,	5 10 9 11 3 7 0 6 8 4 1 2 
13430,	0.109,	0.0825388,	11,	5 3 9 11 10 2 7 4 8 6 1 0 
10122,	0.088,	0.0825388,	9,	10 5 0 11 7 3 9 6 1 4 8 2 
19428,	0.071,	0.0825388,	7,	10 11 8 7 4 1 6 5 0 3 9 2 
15440,	0.051,	0.0825388,	5,	4 10 0 2 6 5 3 1 9 8 7 11 
17000,	0.041,	0.0825388,	4,	0 3 9 2 1 5 7 6 11 4 8 10 
11754,	0.089,	0.0825388,	9,	6 9 11 1 0 7 8 10 3 4 5 2 
10214,	0.051,	0.0825388,	5,	6 4 3 9 0 2 1 5 11 10 8 7 
18496,	0.06,	0.0825388,	6,	3 0 2 8 5 9 11 4 7 6 10 1 
14530,	0.101,	0.0825388,	10,	6 4 9 2 0 10 7 3 8 5 1 11 
15238,	0.068,	0.0825388,	6,	10 4 7 2 11 6 9 3 0 5 1 8 
14720,	0.095,	0.0825388,	9,	3 0 9 1 2 6 7 4 8 10 11 5 
16830,	0.072,	0.0825388,	7,	0 3 4 1 6 5 2 9 11 7 8 10 
18512,	0.089,	0.0825388,	8,	5 3 10 8 11 1 7 0 2 6 4 9 
10214,	0.094,	0.0825388,	8,	6 4 3 9 0 2 1 5 11 10 8 7 
16956,	0.067,	0.0825388,	6,	2 3 10 0 4 5 11 7 8 9 1 6 
17642,	0.08,	0.0825388,	7,	5 3 9 8 10 0 7 4 2 6 11 1 
11560,	0.068,	0.0825388,	6,	9 6 8 0 7 4 1 5 2 10 3 11 
13700,	0.084,	0.0825388,	7,	10 5 9 2 7 3 1 4 8 6 11 0 
13256,	0.106,	0.0825388,	9,	10 4 7 11 5 6 9 0 1 3 8 2 
17222,	0.124,	0.0825388,	11,	10 5 4 11 7 8 6 2 9 3 0 1 
13954,	0.095,	0.0825388,	8,	4 10 9 2 6 11 7 5 8 3 1 0 
14280,	0.098,	0.0825388,	9,	4 10 5 2 6 11 3 7 8 9 1 0 
18908,	0.056,	0.0825388,	5,	4 2 6 7 9 3 0 11 5 8 10 1 
19428,	0.044,	0.0825388,	4,	10 11 8 7 4 1 6 5 0 3 9 2 
12310,	0.147,	0.0825388,	12,	4 10 9 11 2 5 7 6 8 0 1 3 
12062,	0.178,	0.0825388,	11,	6 4 11 1 0 10 8 5 7 3 9 2 
14926,	0.196,	0.0825388,	8,	1 6 3 11 8 0 2 5 9 10 7 4 
14354,	0.165,	0.0825388,	12,	5 10 0 8 11 7 1 6 3 4 2 9 
11458,	0.229,	0.0825388,	9,	6 9 11 1 0 7 8 5 3 10 2 4 
14514,	0.171,	0.0825388,	10,	5 10 3 1 8 11 0 2 7 4 9 6 
12008,	0.092,	0.0825388,	8,	3 5 8 1 0 10 11 6 7 4 9 2 
14796,	0.074,	0.0825388,	6,	6 4 3 8 1 10 2 7 5 9 11 0 
11560,	0.1,	0.0825388,	9,	9 6 8 0 7 4 1 5 2 10 3 11 
11668,	0.065,	0.0825388,	6,	10 4 11 7 5 2 8 6 3 0 1 9 
12216,	0.127,	0.0825388,	12,	3 5 1 8 2 10 11 0 7 6 9 4 
12926,	0.075,	0.0825388,	7,	9 4 3 1 7 2 8 5 0 10 6 11 
17898,	0.054,	0.0825388,	5,	0 6 9 2 1 8 7 4 3 10 5 11 
10790,	0.101,	0.0825388,	10,	0 6 3 1 9 4 2 5 8 10 11 7 
14430,	0.06,	0.0825388,	6,	5 3 8 11 10 0 1 6 9 4 7 2 
13914,	0.073,	0.0825388,	7,	2 4 8 11 3 6 1 5 0 10 9 7 
13254,	0.069,	0.0825388,	7,	5 10 0 8 3 11 1 6 2 9 4 7 
12216,	0.061,	0.0825388,	6,	3 5 1 8 2 10 11 0 7 6 9 4 
12820,	0.044,	0.0825388,	4,	0 6 7 1 9 4 8 10 2 5 3 11 
12818,	0.09,	0.0825388,	9,	10 4 7 11 5 6 8 9 3 0 2 1 
15624,	0.07,	0.0825388,	7,	3 2 8 1 5 4 11 6 10 0 7 9 
13682,	0.071,	0.0825388,	7,	0 6 8 1 3 9 11 5 4 10 2 7 
10580,	0.09,	0.0825388,	9,	9 6 4 1 7 0 2 10 8 5 11 3 
13430,	0.1,	0.0825388,	10,	5 3 9 11 10 2 7 4 8 6 1 0 
12478,	0.06,	0.0825388,	6,	0 6 8 1 9 4 11 5 2 10 3 7 
12216,	0.089,	0.0825388,	9,	3 5 1 8 2 10 11 0 7 6 9 4 
10580,	0.071,	0.0825388,	7,	9 6 4 1 7 0 2 10 8 5 11 3 
13076,	0.069,	0.0825388,	7,	6 4 1 8 0 2 11 9 3 7 5 10 
15222,	0.071,	0.0825388,	7,	3 2 8 1 0 4 6 5 9 10 7 11 
13798,	0.102,	0.0825388,	10,	6 0 11 1 9 3 8 5 2 10 4 7 
16538,	0.069,	0.0825388,	7,	10 4 7 0 5 6 9 8 3 11 2 1 
16154,	0.052,	0.0825388,	5,	0 9 10 2 3 7 5 4 8 6 11 1 
10476,	0.051,	0.0825388,	5,	4 6 7 9 2 0 8 10 1 5 11 3 
11418,	0.12,	0.0825388,	12,	6 4 3 1 0 9 2 5 8 10 11 7 
12190,	0.065,	0.0825388,	6,	10 7 4 11 5 9 2 6 1 0 8 3 
11302,	0.08,	0.0825388,	8,	6 9 8 0 4 7 1 5 3 10 2 11 
13618,	0.05,	0.0825388,	5,	4 10 6 7 2 5 9 0 11 3 8 1 
19060,	0.071,	0.0825388,	7,	2 4 1 11 3 10 8 9 0 7 6 5 
13348,	0.085,	0.0825388,	8,	6 4 3 1 0 2 5 9 11 7 8 10 
18242,	0.167,	0.0825388,	7,	1 3 0 11 8 5 6 10 9 4 7 2 
14784,	0.101,	0.0825388,	7,	4 10 8 2 6 7 1 3 9 5 0 11 
10790,	0.081,	0.0825388,	8,	0 6 3 1 9 4 2 5 11 10 8 7 
16276,	0.056,	0.0825388,	5,	5 3 0 8 11 2 1 6 9 4 7 10 
18004,	0.069,	0.0825388,	6,	10 5 0 7 4 3 2 1 6 8 9 11 
15714,	0.083,	0.0825388,	7,	4 2 10 7 9 3 5 0 8 6 11 1 
12314,	0.099,	0.0825388,	8,	6 4 9 1 0 10 7 5 11 3 8 2 
12156,	0.129,	0.0825388,	11,	10 5 0 8 11 3 1 6 2 9 4 7 
19352,	0.106,	0.0825388,	9,	6 1 4 11 0 8 2 9 3 7 5 10 
11248,	0.043,	0.0825388,	4,	3 5 9 1 2 10 7 4 11 6 8 0 
11326,	0.095,	0.0825388,	8,	4 6 3 9 2 0 1 5 8 10 11 7 
15664,	0.085,	0.0825388,	8,	4 2 10 11 6 3 5 7 1 9 8 0 
10580,	0.097,	0.0825388,	9,	9 6 4 1 7 0 2 10 8 5 11 3 
12472,	0.082,	0.0825388,	8,	9 6 8 1 7 0 11 5 3 10 2 4 
10192,	0.162,	0.0825388,	14,	6 4 3 1 0 2 8 5 9 10 7 11 
17332,	0.078,	0.0825388,	7,	6 4 9 2 0 10 7 1 5 8 3 11 
14608,	0.063,	0.0825388,	6,	10 4 0 7 5 6 9 2 8 3 11 1 
17232,	0.084,	0.0825388,	8,	1 6 9 11 8 0 7 4 10 2 5 3 
14150,	0.072,	0.0825388,	7,	5 10 3 8 11 7 2 0 9 6 1 4 
12094,	0.043,	0.0825388,	4,	7 10 0 3 9 5 1 6 11 4 8 2 
18644,	0.062,	0.0825388,	6,	1 6 4 11 8 0 2 9 3 7 5 10 
20280,	0.05,	0.0825388,	5,	8 3 11 7 1 5 10 6 4 0 2 9 
11754,	0.07,	0.0825388,	7,	6 9 11 1 0 7 8 10 3 4 5 2 
12174,	0.084,	0.0825388,	8,	4 10 7 9 2 5 3 0 11 6 8 1 
12478,	0.092,	0.0825388,	9,	0 6 8 1 9 4 11 5 2 10 3 7 
12008,	0.101,	0.0825388,	9,	3 5 8 1 0 10 11 6 7 4 9 2 
12560,	0.071,	0.0825388,	7,	5 10 8 11 3 7 1 6 4 0 2 9 
16224,	0.063,	0.0825388,	6,	6 0 10 11 1 9 5 4 7 2 8 3 
13680,	0.081,	0.0825388,	7,	7 10 1 8 9 5 11 0 3 6 2 4 
17298,	0.112,	0.0825388,	8,	3 0 7 1 5 6 9 10 4 11 2 8 
16594,	0.064,	0.0825388,	6,	11 10 4 1 8 5 6 2 9 3 7 0 
9552,	0.138,	0.0825388,	13,	6 4 11 1 0 2 8 10 9 5 7 3 
14658,	0.081,	0.0825388,	8,	4 10 11 2 6 7 8 5 9 3 0 1 
14630,	0.085,	0.0825388,	8,	6 0 8 11 1 9 7 10 4 5 2 3 
18566,	0.073,	0.0825388,	7,	1 11 9 0 8 10 7 6 5 4 3 2 
14024,	0.09,	0.0825388,	8,	0 6 7 1 3 9 8 10 4 5 2 11 
15280,	0.072,	0.0825388,	7,	5 3 8 11 10 2 1 7 4 9 6 0 
9552,	0.108,	0.0825388,	9,	6 4 11 1 0 2 8 10 9 5 7 3 
19574,	0.104,	0.0825388,	9,	6 1 10 11 0 8 5 4 7 2 9 3 
16416,	0.067,	0.0825388,	5,	6 0 10 8 1 9 7 4 5 2 11 3 
17150,	0.072,	0.0825388,	6,	2 3 6 11 4 5 0 9 8 7 1 10 
15898,	0.053,	0.0825388,	5,	10 4 0 7 5 6 9 1 3 8 2 11 
13210,	0.077,	0.0825388,	7,	9 4 11 0 7 2 8 10 6 5 1 3 
12018,	0.094,	0.0825388,	9,	10 7 0 11 5 9 3 6 1 4 8 2 
12816,	0.092,	0.0825388,	9,	3 5 8 1 2 10 11 4 7 6 9 0 
15782,	0.061,	0.0825388,	6,	9 0 5 7 6 3 11 10 1 4 8 2 
10476,	0.089,	0.0825388,	9,	4 6 7 9 2 0 8 10 1 5 11 3 
11302,	0.093,	0.0825388,	9,	6 9 8 0 4 7 1 5 3 10 2 11 
17674,	0.069,	0.0825388,	7,	11 6 10 1 8 4 5 7 2 9 3 0 
14796,	0.06,	0.0825388,	6,	6 4 3 8 1 10 2 7 5 9 11 0 
15110,	0.101,	0.0825388,	10,	0 6 2 7 3 9 11 4 1 10 8 5 
11780,	0.091,	0.0825388,	9,	6 9 2 1 0 7 3 4 8 10 11 5 
13982,	0.059,	0.0825388,	6,	6 9 10 1 0 7 11 5 4 3 2 8 
20258,	0.07,	0.0825388,	7,	0 3 10 9 6 5 7 11 4 8 2 1 
12096,	0.079,	0.0825388,	8,	9 6 5 1 7 0 3 10 8 4 11 2 
15076,	0.081,	0.0825388,	8,	11 10 0 1 8 5 7 6 3 4 2 9 
11010,	0.061,	0.0825388,	6,	10 5 0 8 11 3 1 6 7 4 9 2 
15912,	0.07,	0.0825388,	7,	9 4 3 2 7 10 5 0 11 6 8 1 
16586,	0.074,	0.0825388,	7,	2 4 7 1 3 10 8 9 5 6 11 0 
12490,	0.08,	0.0825388,	8,	4 10 8 7 2 5 11 6 3 0 1 9 
15010,	0.087,	0.0825388,	8,	5 3 9 11 10 2 0 6 8 4 1 7 
14272,	0.094,	0.0825388,	8,	10 4 0 11 7 2 1 3 6 5 9 8 
12104,	0.078,	0.0825388,	7,	5 10 0 8 3 11 1 6 7 4 9 2 
14090,	0.091,	0.0825388,	8,	10 4 8 11 5 6 1 2 9 3 7 0 
11596,	0.082,	0.0825388,	8,	4 6 11 9 2 0 8 5 3 10 1 7 
11370,	0.066,	0.0825388,	6,	5 10 9 11 3 7 0 6 8 4 1 2 
11946,	0.12,	0.0825388,	10,	10 5 1 11 7 3 8 0 2 6 4 9 
17520,	0.099,	0.0825388,	9,	3 5 6 8 2 11 1 4 9 10 0 7 
14056,	0.065,	0.0825388,	5,	3 5 9 8 1 10 7 0 4 6 2 11 
13778,	0.11,	0.0825388,	9,	11 10 0 1 8 5 3 6 9 4 7 2 
12928,	0.069,	0.0825388,	6,	4 9 3 2 6 7 0 5 8 10 1 11 
15232,	0.094,	0.0825388,	8,	10 4 9 7 5 6 1 0 8 3 11 2 
12548,	0.112,	0.0825388,	8,	5 10 1 11 3 7 8 0 4 6 2 9 
15028,	0.114,	0.0825388,	9,	3 0 8 1 5 6 11 10 9 4 7 2 
17144,	0.064,	0.0825388,	6,	3 0 8 1 2 6 11 7 10 9 5 4 
11498,	0.088,	0.0825388,	8,	9 6 3 1 7 0 2 5 8 10 11 4 
15420,	0.071,	0.0825388,	6,	3 2 1 8 5 4 11 0 10 6 7 9 
18886,	0.057,	0.0825388,	5,	9 7 3 0 6 10 5 8 4 11 2 1 
11838,	0.11,	0.0825388,	10,	6 4 11 1 0 9 8 5 3 10 2 7 
12216,	0.118,	0.0825388,	9,	3 5 1 8 2 10 11 0 7 6 9 4 
14514,	0.048,	0.0825388,	4,	5 10 3 1 8 11 0 2 7 4 9 6 
14730,	0.1,	0.0825388,	9,	11 10 9 1 8 5 7 4 0 2 6 3 
11838,	0.105,	0.0825388,	9,	6 4 11 1 0 9 8 5 3 10 2 7 
15204,	0.073,	0.0825388,	6,	3 2 7 8 1 4 9 10 6 5 0 11 
13476,	0.13,	0.0825388,	10,	5 10 3 8 11 4 2 7 6 9 1 0 
17084,	0.108,	0.0825388,	9,	0 3 10 1 9 5 7 6 11 4 8 2 
17540,	0.088,	0.0825388,	8,	1 3 0 11 8 5 9 6 10 4 7 2 
16582,	0.132,	0.0825388,	12,	5 3 10 8 11 2 4 7 0 9 1 6 
13778,	0.073,	0.0825388,	7,	11 10 0 1 8 5 3 6 9 4 7 2 
18468,	0.052,	0.0825388,	5,	0 6 3 1 9 11 8 2 10 4 5 7 
17108,	0.066,	0.0825388,	6,	3 0 1 2 5 9 11 6 7 4 8 10 
19520,	0.071,	0.0825388,	7,	6 1 2 9 0 8 3 4 11 10 5 7 
13954,	0.061,	0.0825388,	6,	4 10 9 2 6 11 7 5 8 3 1 0 
15106,	0.074,	0.0825388,	7,	5 10 9 8 11 7 6 4 0 2 1 3 
17462,	0.06,	0.0825388,	6,	11 6 10 1 8 0 5 4 9 2 7 3 
19428,	0.052,	0.0825388,	5,	10 11 8 7 4 1 6 5 0 3 9 2 
17306,	0.077,	0.0825388,	7,	0 3 2 1 6 5 8 4 9 10 7 11 
12738,	0.078,	0.0825388,	7,	4 9 11 2 6 7 8 10 0 5 1 3 
11248,	0.131,	0.0825388,	12,	3 5 9 1 2 10 7 4 11 6 8 0 
11248,	0.115,	0.0825388,	11,	3 5 9 1 2 10 7 4 11 6 8 0 
11592,	0.088,	0.0825388,	8,	3 5 9 1 0 10 7 6 11 4 8 2 
16888,	0.097,	0.0825388,	9,	3 5 6 1 2 8 0 4 7 10 9 11 
11248,	0.118,	0.0825388,	10,	3 5 9 1 2 10 7 4 11 6 8 0 
13430,	0.095,	0.0825388,	9,	5 3 9 11 10 2 7 4 8 6 1 0 
13496,	0.107,	0.0825388,	8,	3 5 4 1 0 10 2 6 11 9 8 7 
15864,	0.083,	0.0825388,	6,	1 6 5 11 8 0 3 10 9 4 7 2 
17674,	0.11,	0.0825388,	9,	11 6 10 1 8 4 5 7 2 9 3 0 
11560,	0.132,	0.0825388,	11,	9 6 8 0 7 4 1 5 2 10 3 11 
12824,	0.124,	0.0825388,	10,	7 10 4 8 9 5 2 6 11 0 1 3 
12820,	0.093,	0.0825388,	8,	0 6 7 1 9 4 8 10 2 5 3 11 
13076,	0.09,	0.0825388,	8,	6 4 1 8 0 2 11 9 3 7 5 10 
17860,	0.062,	0.0825388,	5,	6 0 11 8 1 3 5 10 2 7 4 9 
19326,	0.094,	0.0825388,	8,	6 1 3 11 0 8 5 2 7 4 9 10 
13094,	0.076,	0.0825388,	7,	10 5 4 2 11 3 6 7 1 9 8 0 
16476,	0.09,	0.0825388,	8,	3 5 7 0 2 11 9 10 8 4 1 6 
15734,	0.079,	0.0825388,	7,	4 6 7 2 10 0 9 8 3 11 5 1 
11646,	0.076,	0.0825388,	7,	5 10 8 11 3 7 1 6 9 4 0 2 
10824,	0.108,	0.0825388,	9,	6 4 3 9 0 2 7 5 8 10 1 11 
11302,	0.066,	0.0825388,	6,	6 9 8 0 4 7 1 5 3 10 2 11 
14630,	0.077,	0.0825388,	7,	6 0 8 11 1 9 7 10 4 5 2 3 
14024,	0.09,	0.0825388,	8,	0 6 7 1 3 9 8 10 4 5 2 11 
10096,	0.121,	0.0825388,	10,	10 5 4 11 7 3 2 6 1 0 8 9 
16814,	0.105,	0.0825388,	9,	9 6 10 0 7 4 5 11 2 8 3 1 
11838,	0.105,	0.0825388,	9,	6 4 11 1 0 9 8 5 3 10 2 7 
11514,	0.087,	0.0825388,	8,	4 6 7 11 2 0 9 10 1 5 8 3 
11560,	0.084,	0.0825388,	8,	9 6 8 0 7 4 1 5 2 10 3 11 
17616,	0.084,	0.0825388,	8,	3 5 7 1 2 11 8 10 9 4 0 6 
11014,	0.064,	0.0825388,	6,	6 9 3 1 0 7 2 5 8 10 11 4 
12076,	0.083,	0.0825388,	8,	4 6 3 7 2 9 0 5 1 10 8 11 
14496,	0.032,	0.0825388,	3,	4 10 9 7 2 11 1 0 5 6 3 8 
14670,	0.082,	0.0825388,	8,	4 6 5 2 10 0 3 7 8 9 11 1 
11668,	0.054,	0.0825388,	5,	10 4 11 7 5 2 8 6 3 0 1 9 
13726,	0.067,	0.0825388,	6,	9 6 10 1 7 0 5 4 8 2 11 3 
12548,	0.091,	0.0825388,	9,	5 10 1 11 3 7 8 0 4 6 2 9 
11198,	0.096,	0.0825388,	9,	10 4 7 11 5 2 3 9 8 6 1 0 
16814,	0.085,	0.0825388,	8,	9 6 10 0 7 4 5 11 2 8 3 1 
16276,	0.06,	0.0825388,	5,	5 3 0 8 11 2 1 6 9 4 7 10 
10804,	0.045,	0.0825388,	4,	6 9 11 1 0 7 8 10 4 5 2 3 
11944,	0.073,	0.0825388,	7,	10 4 3 7 5 2 1 0 11 6 8 9 
15228,	0.073,	0.0825388,	7,	5 3 0 11 10 2 7 6 8 4 1 9 
11558,	0.097,	0.0825388,	9,	10 5 8 11 7 3 1 6 2 0 4 9 
15432,	0.08,	0.0825388,	8,	10 4 7 11 5 6 9 0 3 1 2 8 
10688,	0.077,	0.0825388,	7,	10 5 8 11 7 3 1 6 0 4 9 2 
16510,	0.09,	0.0825388,	8,	7 9 10 5 0 6 11 4 1 2 8 3 
11198,	0.1,	0.0825388,	9,	10 4 7 11 5 2 3 9 8 6 1 0 
12974,	0.088,	0.0825388,	7,	10 5 7 2 4 3 9 0 8 6 11 1 
11302,	0.102,	0.0825388,	9,	6 9 8 0 4 7 1 5 3 10 2 11 
12548,	0.098,	0.0825388,	9,	5 10 1 11 3 7 8 0 4 6 2 9 
14326,	0.081,	0.0825388,	7,	4 6 8 2 10 0 11 7 3 9 5 1 
10580,	0.127,	0.0825388,	10,	9 6 4 1 7 0 2 10 8 5 11 3 
12820,	0.068,	0.0825388,	6,	0 6 7 1 9 4 8 10 2 5 3 11 
18406,	0.166,	0.0825388,	11,	6 1 7 11 0 8 9 10 2 5 4 3 
10240,	0.089,	0.0825388,	8,	10 5 4 11 7 3 2 9 1 6 8 0 
15596,	0.089,	0.0825388,	8,	7 10 8 0 9 4 11 5 6 3 1 2 
13680,	0.079,	0.0825388,	7,	10 4 3 7 5 9 2 0 8 6 11 1 
11926,	0.106,	0.0825388,	9,	4 6 10 9 2 0 7 5 8 3 11 1 
17890,	0.083,	0.0825388,	7,	0 3 11 1 6 5 8 10 4 7 2 9 
11688,	0.147,	0.0825388,	11,	4 10 9 7 2 5 1 6 11 0 8 3 
12412,	0.135,	0.0825388,	10,	4 6 10 7 2 9 11 5 1 3 8 0 
17860,	0.065,	0.0825388,	6,	6 0 11 8 1 3 5 10 2 7 4 9 
15210,	0.078,	0.0825388,	7,	0 9 8 1 3 7 11 6 10 4 5 2 
15204,	0.084,	0.0825388,	8,	3 2 7 8 1 4 9 10 6 5 0 11 
16532,	0.052,	0.0825388,	5,	9 0 8 1 7 3 11 6 5 4 10 2 
14326,	0.077,	0.0825388,	7,	4 6 8 2 10 0 11 7 3 9 5 1 
12818,	0.09,	0.0825388,	9,	10 4 7 11 5 6 8 9 3 0 2 1 
14382,	0.093,	0.0825388,	9,	0 6 5 7 3 9 11 10 1 4 8 2 
10096,	0.071,	0.0825388,	6,	10 5 4 11 7 3 2 6 1 0 8 9 
14308,	0.073,	0.0825388,	7,	6 4 1 2 0 10 8 3 7 5 9 11 
11374,	0.087,	0.0825388,	8,	10 5 4 8 11 3 2 6 0 9 1 7 
10624,	0.063,	0.0825388,	6,	9 6 3 0 7 4 2 5 8 10 1 11 
15496,	0.063,	0.0825388,	6,	9 4 8 0 7 10 11 5 6 3 1 2 
18496,	0.075,	0.0825388,	7,	3 0 2 8 5 9 11 4 7 6 10 1 
10476,	0.085,	0.0825388,	8,	4 6 7 9 2 0 8 10 1 5 11 3 
14630,	0.094,	0.0825388,	9,	6 0 8 11 1 9 7 10 4 5 2 3 
12246,	0.095,	0.0825388,	9,	3 5 0 1 2 10 7 6 11 4 8 9 
13080,	0.082,	0.0825388,	8,	9 6 11 1 7 0 8 10 3 4 5 2 
10506,	0.098,	0.0825388,	9,	6 4 7 1 0 2 9 10 11 5 8 3 
11216,	0.085,	0.0825388,	8,	10 4 0 11 5 2 3 6 8 9 1 7 
11248,	0.142,	0.0825388,	12,	3 5 9 1 2 10 7 4 11 6 8 0 
13068,	0.06,	0.0825388,	5,	5 10 4 8 3 11 2 6 1 9 0 7 
13628,	0.092,	0.0825388,	8,	5 10 8 11 3 4 1 6 9 0 7 2 
11908,	0.097,	0.0825388,	8,	9 6 3 1 7 0 8 5 2 10 4 11 
17210,	0.06,	0.0825388,	5,	2 3 0 8 4 5 1 6 10 9 11 7 
13968,	0.094,	0.0825388,	8,	6 9 11 1 0 7 8 5 10 3 4 2 
15518,	0.112,	0.0825388,	9,	4 10 6 9 2 5 0 11 3 8 7 1 
11932,	0.093,	0.0825388,	8,	7 10 0 8 9 5 3 6 11 4 1 2 
11444,	0.103,	0.0825388,	9,	6 9 3 1 0 7 8 5 4 10 2 11 
11780,	0.105,	0.0825388,	9,	6 9 2 1 0 7 3 4 8 10 11 5 
12842,	0.116,	0.0825388,	10,	4 10 9 2 6 5 7 0 11 3 8 1 
11374,	0.089,	0.0825388,	8,	10 5 4 8 11 3 2 6 0 9 1 7 
9552,	0.124,	0.0825388,	11,	6 4 11 1 0 2 8 10 9 5 7 3 
13050,	0.064,	0.0825388,	5,	9 6 10 0 7 4 11 5 8 3 1 2 
14754,	0.071,	0.0825388,	6,	0 9 6 2 3 7 1 4 8 10 11 5 
13238,	0.056,	0.0825388,	5,	9 6 3 1 7 0 5 2 8 4 11 10 
13302,	0.08,	0.0825388,	7,	3 5 8 1 2 10 11 7 4 9 6 0 
12392,	0.08,	0.0825388,	7,	5 10 3 8 11 4 2 0 9 6 7 1 
15280,	0.087,	0.0825388,	7,	5 3 8 11 10 2 1 7 4 9 6 0 
15912,	0.099,	0.0825388,	10,	9 4 3 2 7 10 5 0 11 6 8 1 
12544,	0.063,	0.0825388,	6,	4 6 9 7 2 0 1 5 3 10 8 11 
14714,	0.069,	0.0825388,	7,	4 9 6 11 2 7 0 10 8 5 1 3 
14130,	0.069,	0.0825388,	7,	6 0 3 8 1 9 7 5 4 10 2 11 
13156,	0.069,	0.0825388,	7,	5 10 4 8 3 11 2 6 7 0 9 1 
16914,	0.081,	0.0825388,	8,	4 2 5 7 10 3 11 9 1 6 8 0 
11838,	0.05,	0.0825388,	5,	4 6 3 9 2 0 7 5 1 10 8 11 
13430,	0.109,	0.0825388,	11,	5 3 9 11 10 2 7 4 8 6 1 0 
11560,	0.118,	0.0825388,	12,	9 6 8 0 7 4 1 5 2 10 3 11 
11838,	0.101,	0.0825388,	10,	6 4 11 1 0 9 8 5 3 10 2 7 
17232,	0.069,	0.0825388,	7,	1 6 9 11 8 0 7 4 10 2 5 3 
14132,	0.091,	0.0825388,	9,	7 10 6 0 9 5 1 4 11 2 8 3 
19352,	0.041,	0.0825388,	4,	6 1 4 11 0 8 2 9 3 7 5 10 
14416,	0.068,	0.0825388,	6,	2 4 9 11 3 6 0 5 1 10 8 7 
13430,	0.082,	0.0825388,	8,	5 3 9 11 10 2 7 4 8 6 1 0 
13844,	0.071,	0.0825388,	7,	6 0 3 11 1 9 8 5 4 10 2 7 
10122,	0.089,	0.0825388,	9,	10 5 0 11 7 3 9 6 1 4 8 2 
16640,	0.081,	0.0825388,	8,	9 7 5 0 6 10 11 3 8 2 1 4 
16372,	0.069,	0.0825388,	7,	7 9 2 0 10 6 4 3 1 5 8 11 
12216,	0.06,	0.0825388,	6,	3 5 1 8 2 10 11 0 7 6 9 4 
14272,	0.08,	0.0825388,	8,	10 4 0 11 7 2 1 3 6 5 9 8 
11992,	0.089,	0.0825388,	9,	10 4 3 11 5 6 2 7 1 9 8 0 
14514,	0.09,	0.0825388,	9,	4 6 9 7 10 0 1 5 8 3 11 2 
10580,	0.09,	0.0825388,	9,	9 6 4 1 7 0 2 10 8 5 11 3 
10096,	0.119,	0.0825388,	12,	10 5 4 11 7 3 2 6 1 0 8 9 
10580,	0.1,	0.0825388,	10,	9 6 4 1 7 0 2 10 8 5 11 3 
13264,	0.07,	0.0825388,	7,	10 5 8 11 4 3 1 6 2 9 0 7 
11418,	0.091,	0.0825388,	9,	6 4 3 1 0 9 2 5 8 10 11 7 
17546,	0.06,	0.0825388,	6,	3 2 6 8 1 4 11 0 10 9 5 7 
11370,	0.118,	0.0825388,	11,	5 10 9 11 3 7 0 6 8 4 1 2 
14876,	0.081,	0.0825388,	8,	5 3 8 11 10 2 1 4 9 6 7 0 
14158,	0.107,	0.0825388,	10,	5 3 9 11 10 0 7 6 1 4 8 2 
13858,	0.091,	0.0825388,	9,	10 4 9 11 7 6 0 5 1 3 8 2 
11646,	0.061,	0.0825388,	6,	5 10 8 11 3 7 1 6 9 4 0 2 
17272,	0.085,	0.0825388,	8,	0 3 10 7 9 5 11 6 8 4 1 2 
20548,	0.07,	0.0825388,	7,	6 1 11 0 4 8 5 10 3 7 2 9 
9916,	0.063,	0.0825388,	6,	6 9 4 1 0 7 2 10 8 5 11 3 
10214,	0.093,	0.0825388,	9,	6 4 3 9 0 2 1 5 11 10 8 7 
11668,	0.092,	0.0825388,	9,	10 4 11 7 5 2 8 6 3 0 1 9 
12190,	0.077,	0.0825388,	7,	4 6 10 7 9 0 11 5 1 3 8 2 
17890,	0.091,	0.0825388,	9,	3 5 9 8 2 11 0 4 1 10 6 7 
12744,	0.067,	0.0825388,	6,	4 10 7 2 6 5 3 9 11 0 8 1 
11668,	0.138,	0.0825388,	12,	10 4 11 7 5 2 8 6 3 0 1 9 
11444,	0.104,	0.0825388,	8,	6 9 3 1 0 7 8 5 4 10 2 11 
18412,	0.084,	0.0825388,	7,	1 3 9 11 8 2 7 4 10 6 5 0 
17490,	0.048,	0.0825388,	4,	4 6 10 7 2 9 11 8 3 1 5 0 
17162,	0.095,	0.0825388,	8,	6 9 3 0 4 7 2 8 10 11 5 1 
16988,	0.08,	0.0825388,	7,	11 10 7 1 8 4 9 5 6 3 0 2 
13726,	0.092,	0.0825388,	8,	9 6 10 1 7 0 5 4 8 2 11 3 
21344,	0.069,	0.0825388,	6,	2 3 10 0 4 5 7 11 9 8 6 1 
17668,	0.084,	0.0825388,	7,	1 3 6 11 8 2 0 4 9 10 7 5 
16272,	0.073,	0.0825388,	7,	10 11 2 8 5 1 3 4 9 6 7 0 
9552,	0.102,	0.0825388,	10,	6 4 11 1 0 2 8 10 9 5 7 3 
12284,	0.07,	0.0825388,	7,	9 6 2 1 7 0 3 4 8 10 11 5 
11838,	0.09,	0.0825388,	9,	6 4 11 1 0 9 8 5 3 10 2 7 
17244,	0.051,	0.0825388,	5,	3 5 9 1 2 8 7 4 6 10 0 11 
12734,	0.072,	0.0825388,	7,	7 10 3 8 9 5 2 0 11 6 1 4 
19326,	0.03,	0.0825388,	3,	4 6 2 9 10 0 3 1 7 11 8 5 
14382,	0.041,	0.0825388,	4,	7 10 3 8 9 5 1 0 4 6 2 11 
10240,	0.124,	0.0825388,	11,	10 5 4 11 7 3 2 9 1 6 8 0 
16174,	0.08,	0.0825388,	7,	4 6 10 7 2 9 5 11 0 8 3 1 
16416,	0.077,	0.0825388,	7,	6 0 10 8 1 9 7 4 5 2 11 3 
12208,	0.078,	0.0825388,	7,	9 6 11 1 7 0 8 10 2 5 4 3 
11876,	0.097,	0.0825388,	8,	10 7 2 11 5 9 3 4 1 6 8 0 
17370,	0.093,	0.0825388,	8,	7 9 0 8 10 6 1 4 11 2 5 3 
12246,	0.126,	0.0825388,	9,	3 5 0 1 2 10 7 6 11 4 8 9 
11248,	0.104,	0.0825388,	9,	3 5 9 1 2 10 7 4 11 6 8 0 
13412,	0.092,	0.0825388,	8,	9 6 2 0 7 4 3 10 8 5 1 11 
14494,	0.093,	0.0825388,	8,	3 0 7 1 5 6 9 10 8 4 11 2 
12968,	0.098,	0.0825388,	9,	6 9 10 0 4 7 11 5 8 3 1 2 
11560,	0.09,	0.0825388,	8,	9 6 8 0 7 4 1 5 2 10 3 11 
14730,	0.055,	0.0825388,	5,	11 10 9 1 8 5 7 4 0 2 6 3 
12096,	0.07,	0.0825388,	6,	9 6 5 1 7 0 3 10 8 4 11 2 
12776,	0.093,	0.0825388,	8,	4 6 9 2 10 0 7 3 1 5 8 11 
15010,	0.113,	0.0825388,	9,	5 3 9 11 10 2 0 6 8 4 1 7 
15930,	0.071,	0.0825388,	6,	6 0 11 8 1 9 5 10 7 4 3 2 
11926,	0.075,	0.0825388,	6,	4 6 10 9 2 0 7 5 8 3 11 1 
18264,	0.079,	0.0825388,	7,	3 0 9 2 5 1 7 6 8 4 11 10 
16154,	0.068,	0.0825388,	6,	0 9 10 2 3 7 5 4 8 6 11 1 
14942,	0.088,	0.0825388,	8,	6 4 2 1 0 9 3 10 7 5 8 11 
12548,	0.093,	0.0825388,	8,	5 10 1 11 3 7 8 0 4 6 2 9 
12314,	0.109,	0.0825388,	9,	6 4 9 1 0 10 7 5 11 3 8 2 
12412,	0.083,	0.0825388,	8,	4 6 10 7 2 9 11 5 1 3 8 0 
10624,	0.082,	0.0825388,	8,	9 6 3 0 7 4 2 5 8 10 1 11 
13844,	0.092,	0.0825388,	9,	6 0 3 11 1 9 8 5 4 10 2 7 
17458,	0.073,	0.0825388,	7,	10 4 5 0 7 2 3 11 6 8 9 1 
15912,	0.041,	0.0825388,	4,	9 4 5 0 7 2 3 10 6 11 1 8 
17084,	0.066,	0.0825388,	6,	6 0 11 1 9 3 8 2 5 4 10 7 
11444,	0.098,	0.0825388,	9,	6 9 3 1 0 7 8 5 4 10 2 11 
16914,	0.063,	0.0825388,	6,	4 2 5 7 10 3 11 9 1 6 8 0 
11498,	0.054,	0.0825388,	5,	9 6 3 1 7 0 2 5 8 10 11 4 
14272,	0.08,	0.0825388,	8,	10 4 0 11 7 2 1 3 6 5 9 8 
13624,	0.06,	0.0825388,	6,	4 2 9 7 6 3 0 5 1 10 8 11 
14986,	0.121,	0.0825388,	11,	11 10 6 1 8 5 0 9 3 7 2 4 
13090,	0.101,	0.0825388,	10,	3 5 0 1 2 10 6 7 11 9 8 4 
18406,	0.072,	0.0825388,	7,	6 1 7 11 0 8 9 10 2 5 4 3 
11908,	0.062,	0.0825388,	6,	9 6 3 1 7 0 8 5 2 10 4 11 
11370,	0.079,	0.0825388,	8,	5 10 9 11 3 7 0 6 8 4 1 2 
17824,	0.106,	0.0825388,	10,	3 5 0 7 2 10 9 1 4 8 6 11 
14000,	0.051,	0.0825388,	5,	2 4 7 0 3 6 9 10 1 5 8 11 
12062,	0.059,	0.0825388,	6,	6 4 11 1 0 10 8 5 7 3 9 2 
19806,	0.041,	0.0825388,	4,	0 6 9 1 3 8 7 4 5 2 10 11 
17362,	0.069,	0.0825388,	7,	3 7 0 2 5 9 1 6 8 4 11 10 
15324,	0.069,	0.0825388,	7,	6 9 5 1 0 7 10 3 8 2 11 4 
12096,	0.081,	0.0825388,	8,	9 6 5 1 7 0 3 10 8 4 11 2 
12246,	0.068,	0.0825388,	7,	3 5 0 1 2 10 7 6 11 4 8 9 
14954,	0.059,	0.0825388,	6,	4 6 5 7 2 9 3 10 0 11 1 8 
12096,	0.092,	0.0825388,	9,	9 6 5 1 7 0 3 10 8 4 11 2 
14658,	0.059,	0.0825388,	6,	4 10 11 2 6 7 8 5 9 3 0 1 
14258,	0.08,	0.0825388,	8,	5 10 8 7 11 4 1 6 2 0 3 9 
12776,	0.099,	0.0825388,	10,	4 6 9 2 10 0 7 3 1 5 8 11 
10214,	0.088,	0.0825388,	9,	6 4 3 9 0 2 1 5 11 10 8 7 
11198,	0.07,	0.0825388,	7,	10 4 7 11 5 2 3 9 8 6 1 0 
15924,	0.059,	0.0825388,	6,	0 3 9 2 6 5 7 4 8 10 1 11 
18244,	0.08,	0.0825388,	8,	10 5 6 11 4 8 1 0 7 3 9 2 
11596,	0.059,	0.0825388,	6,	4 6 11 9 2 0 8 5 3 10 1 7 
14130,	0.099,	0.0825388,	10,	6 0 3 8 1 9 7 5 4 10 2 11 
11248,	0.128,	0.0825388,	13,	3 5 9 1 2 10 7 4 11 6 8 0 
20052,	0.069,	0.0825388,	7,	1 3 0 11 6 5 9 10 8 4 7 2 
19134,	0.063,	0.0825388,	6,	2 3 11 6 4 0 1 10 9 5 7 8 
15890,	0.101,	0.0825388,	10,	1 6 7 11 8 0 9 10 2 5 4 3 
11444,	0.102,	0.0825388,	10,	6 9 3 1 0 7 8 5 4 10 2 11 
13682,	0.081,	0.0825388,	8,	0 6 8 1 3 9 11 5 4 10 2 7 
11688,	0.061,	0.0825388,	6,	4 10 9 7 2 5 1 6 11 0 8 3 
12610,	0.031,	0.0825388,	3,	10 4 1 11 7 2 8 0 3 6 5 9 
10782,	0.088,	0.0825388,	7,	6 9 3 0 4 7 2 5 8 10 1 11 
13206,	0.066,	0.0825388,	6,	7 10 4 3 9 5 2 6 11 0 8 1 
16786,	0.106,	0.0825388,	9,	1 6 9 11 8 4 0 5 2 10 3 7 
12208,	0.119,	0.0825388,	10,	9 6 11 1 7 0 8 10 2 5 4 3 
16186,	0.092,	0.0825388,	8,	3 2 8 1 5 4 11 10 6 7 0 9 
15426,	0.097,	0.0825388,	8,	7 10 1 8 0 5 11 6 3 4 2 9 
11754,	0.086,	0.0825388,	7,	6 9 11 1 0 7 8 10 3 4 5 2 
11908,	0.135,	0.0825388,	11,	9 6 3 1 7 0 8 5 2 10 4 11 
16402,	0.08,	0.0825388,	6,	6 4 10 1 0 2 5 11 9 8 7 3 
14466,	0.083,	0.0825388,	7,	11 10 4 1 8 5 2 6 3 9 0 7 
12576,	0.125,	0.0825388,	10,	10 4 8 11 7 6 1 5 0 3 9 2 
16930,	0.084,	0.0825388,	7,	5 3 9 8 11 2 0 4 6 10 1 7 
14394,	0.08,	0.0825388,	6,	10 7 4 11 5 9 6 2 1 3 8 0 
11558,	0.082,	0.0825388,	7,	10 5 8 11 7 3 1 6 2 0 4 9 
13982,	0.083,	0.0825388,	7,	4 10 1 9 2 5 11 0 3 6 7 8 
10790,	0.14,	0.0825388,	11,	0 6 3 1 9 4 2 5 11 10 8 7 
14210,	0.123,	0.0825388,	10,	9 6 10 1 7 0 4 5 8 3 11 2 
15408,	0.154,	0.0825388,	12,	7 10 3 8 9 4 2 0 5 6 11 1 
16978,	0.072,	0.0825388,	7,	2 4 8 11 3 10 5 6 7 0 9 1 
13050,	0.081,	0.0825388,	8,	9 6 10 0 7 4 11 5 8 3 1 2 
16844,	0.07,	0.0825388,	7,	10 11 7 4 5 1 8 9 3 6 2 0 
10476,	0.099,	0.0825388,	10,	4 6 7 9 2 0 8 10 1 5 11 3 
15320,	0.109,	0.0825388,	11,	5 3 8 11 10 2 1 6 0 4 9 7 
20146,	0.07,	0.0825388,	7,	6 1 10 11 4 8 5 7 3 9 2 0 
11556,	0.083,	0.0825388,	8,	4 6 11 9 2 0 1 10 7 5 8 3 
12008,	0.051,	0.0825388,	5,	3 5 8 1 0 10 11 6 7 4 9 2 
12174,	0.07,	0.0825388,	7,	4 10 7 9 2 5 3 0 11 6 8 1 
10624,	0.094,	0.0825388,	9,	9 6 3 0 7 4 2 5 8 10 1 11 
17900,	0.05,	0.0825388,	5,	4 2 10 7 6 3 5 11 0 8 9 1 
13244,	0.089,	0.0825388,	9,	4 6 11 7 9 0 1 10 3 5 2 8 
17056,	0.074,	0.0825388,	7,	3 5 7 8 1 11 9 10 6 4 0 2 
12096,	0.07,	0.0825388,	7,	9 6 5 1 7 0 3 10 8 4 11 2 
17368,	0.061,	0.0825388,	6,	3 0 4 7 2 6 9 10 1 5 8 11 
14388,	0.053,	0.0825388,	5,	6 4 3 8 1 2 5 7 10 9 11 0 
9916,	0.11,	0.0825388,	11,	6 9 4 1 0 7 2 10 8 5 11 3 
15918,	0.081,	0.0825388,	8,	0 3 11 1 6 5 8 10 9 4 7 2 
11668,	0.059,	0.0825388,	6,	10 4 11 7 5 2 8 6 3 0 1 9 
14928,	0.05,	0.0825388,	5,	9 6 5 1 7 0 10 3 8 2 11 4 
10096,	0.099,	0.0825388,	10,	10 5 4 11 7 3 2 6 1 0 8 9 
11838,	0.091,	0.0825388,	9,	6 4 11 1 0 9 8 5 3 10 2 7 
11216,	0.121,	0.0825388,	12,	10 4 0 11 5 2 3 6 8 9 1 7 
13210,	0.07,	0.0825388,	7,	9 4 11 0 7 2 8 10 6 5 1 3 
12246,	0.069,	0.0825388,	7,	3 5 0 1 2 10 7 6 11 4 8 9 
18406,	0.101,	0.0825388,	10,	6 1 7 11 0 8 9 10 2 5 4 3 
12096,	0.059,	0.0825388,	6,	9 6 5 1 7 0 3 10 8 4 11 2 
11418,	0.103,	0.0825388,	10,	6 4 3 1 0 9 2 5 8 10 11 7 
10476,	0.089,	0.0825388,	9,	4 6 7 9 2 0 8 10 1 5 11 3 
11558,	0.088,	0.0825388,	9,	10 5 8 11 7 3 1 6 2 0 4 9 
14494,	0.101,	0.0825388,	10,	3 0 7 1 5 6 9 10 8 4 11 2 
11992,	0.089,	0.0825388,	9,	10 4 3 11 5 6 2 7 1 9 8 0 
14514,	0.08,	0.0825388,	8,	5 10 3 1 8 11 0 2 7 4 9 6 
17924,	0.04,	0.0825388,	4,	3 0 10 8 5 6 11 7 4 9 2 1 
11248,	0.089,	0.0825388,	9,	3 5 9 1 2 10 7 4 11 6 8 0 
13238,	0.068,	0.0825388,	6,	9 6 3 1 7 0 5 2 8 4 11 10 
14258,	0.07,	0.0825388,	7,	5 10 8 7 11 4 1 6 2 0 3 9 
12560,	0.091,	0.0825388,	9,	5 10 8 11 3 7 1 6 4 0 2 9 
13238,	0.085,	0.0825388,	8,	9 6 3 1 7 0 5 2 8 4 11 10 
10580,	0.081,	0.0825388,	8,	9 6 4 1 7 0 2 10 8 5 11 3 
11014,	0.08,	0.0825388,	8,	6 9 3 1 0 7 2 5 8 10 11 4 
19084,	0.08,	0.0825388,	8,	1 6 5 11 8 0 7 10 3 4 2 9 
13454,	0.09,	0.0825388,	9,	10 5 11 2 4 3 8 6 7 0 9 1 
10214,	0.09,	0.0825388,	9,	6 4 3 9 0 2 1 5 11 10 8 7 
16814,	0.05,	0.0825388,	5,	9 6 10 0 7 4 5 11 2 8 3 1 
21098,	0.062,	0.0825388,	6,	11 6 10 1 8 9 7 4 3 2 5 0 
12820,	0.101,	0.0825388,	10,	0 6 7 1 9 4 8 10 2 5 3 11 
11458,	0.06,	0.0825388,	6,	6 9 11 1 0 7 8 5 3 10 2 4 
15060,	0.06,	0.0825388,	6,	7 10 4 0 9 5 6 2 11 3 8 1 
12190,	0.089,	0.0825388,	9,	10 7 4 11 5 9 2 6 1 0 8 3 
13858,	0.098,	0.0825388,	10,	10 4 9 11 7 6 0 5 1 3 8 2 
16994,	0.06,	0.0825388,	6,	7 10 5 8 9 4 11 0 2 6 3 1 
17430,	0.031,	0.0825388,	3,	5 3 7 11 10 2 8 9 4 0 6 1 
10580,	0.059,	0.0825388,	6,	9 6 4 1 7 0 2 10 8 5 11 3 
11688,	0.059,	0.0825388,	6,	4 10 9 7 2 5 1 6 11 0 8 3 
17056,	0.061,	0.0825388,	6,	3 5 7 8 1 11 9 10 6 4 0 2 
10122,	0.07,	0.0825388,	7,	10 5 0 11 7 3 9 6 1 4 8 2 
17214,	0.07,	0.0825388,	7,	4 6 8 7 2 9 11 3 5 0 10 1 
17668,	0.07,	0.0825388,	7,	1 3 6 11 8 2 0 4 9 10 7 5 
11302,	0.071,	0.0825388,	7,	6 9 8 0 4 7 1 5 3 10 2 11 
14266,	0.07,	0.0825388,	7,	9 6 4 1 7 0 2 10 3 11 5 8 
18844,	0.067,	0.0825388,	6,	11 10 4 6 8 5 7 2 9 3 0 1 
18362,	0.073,	0.0825388,	7,	2 3 8 6 4 0 1 5 9 10 7 11 
11838,	0.107,	0.0825388,	10,	6 4 11 1 0 9 8 5 3 10 2 7 
11560,	0.074,	0.0825388,	7,	9 6 8 0 7 4 1 5 2 10 3 11 
13982,	0.092,	0.0825388,	9,	6 9 10 1 0 7 11 5 4 3 2 8 
12174,	0.073,	0.0825388,	7,	4 10 7 9 2 5 3 0 11 6 8 1 
11418,	0.099,	0.0825388,	10,	6 4 3 1 0 9 2 5 8 10 11 7 
10476,	0.11,	0.0825388,	11,	4 6 7 9 2 0 8 10 1 5 11 3 
12222,	0.068,	0.0825388,	7,	10 4 8 11 7 2 1 6 3 0 5 9 
15834,	0.092,	0.0825388,	9,	9 4 8 7 6 2 1 5 10 3 11 0 
10096,	0.098,	0.0825388,	10,	10 5 4 11 7 3 2 6 1 0 8 9 
15228,	0.079,	0.0825388,	8,	5 3 0 11 10 2 7 6 8 4 1 9 
14658,	0.11,	0.0825388,	11,	4 10 11 2 6 7 8 5 9 3 0 1 
17452,	0.079,	0.0825388,	8,	5 3 4 11 10 1 2 6 8 0 7 9 
17244,	0.069,	0.0825388,	7,	3 5 9 1 2 8 7 4 6 10 0 11 
12490,	0.119,	0.0825388,	12,	4 10 8 7 2 5 11 6 3 0 1 9 
14108,	0.081,	0.0825388,	8,	4 10 9 2 6 7 0 3 8 5 1 11 
14266,	0.05,	0.0825388,	5,	9 6 4 1 7 0 2 10 3 11 5 8 
11560,	0.07,	0.0825388,	7,	9 6 8 0 7 4 1 5 2 10 3 11 
12008,	0.089,	0.0825388,	9,	3 5 8 1 0 10 11 6 7 4 9 2 
10096,	0.108,	0.0825388,	11,	10 5 4 11 7 3 2 6 1 0 8 9 
13662,	0.07,	0.0825388,	7,	11 10 9 1 8 5 7 6 3 4 0 2 
17500,	0.049,	0.0825388,	5,	10 5 6 2 4 3 0 11 7 8 9 1 
21482,	0.05,	0.0825388,	5,	8 1 10 7 11 0 5 4 3 6 2 9 
10506,	0.06,	0.0825388,	6,	6 4 7 1 0 2 9 10 11 5 8 3 
14676,	0.053,	0.0825388,	5,	0 6 7 1 3 9 8 10 5 4 11 2 
12174,	0.09,	0.0825388,	9,	4 10 7 9 2 5 3 0 11 6 8 1 
18108,	0.06,	0.0825388,	6,	0 3 5 7 9 2 11 10 8 4 1 6 
10624,	0.081,	0.0825388,	8,	9 6 3 0 7 4 2 5 8 10 1 11 
9916,	0.08,	0.0825388,	8,	6 9 4 1 0 7 2 10 8 5 11 3 
11908,	0.08,	0.0825388,	8,	9 6 3 1 7 0 8 5 2 10 4 11 
16584,	0.079,	0.0825388,	8,	6 0 3 11 1 9 8 2 5 4 10 7 
18060,	0.09,	0.0825388,	9,	6 1 3 9 0 11 8 5 2 10 4 7 
15924,	0.07,	0.0825388,	7,	0 3 9 2 6 5 7 4 8 10 1 11 
11014,	0.079,	0.0825388,	8,	6 9 3 1 0 7 2 5 8 10 11 4 
18404,	0.05,	0.0825388,	5,	10 11 2 8 5 1 3 4 6 9 0 7 
15228,	0.099,	0.0825388,	10,	5 3 0 11 10 2 7 6 8 4 1 9 
10122,	0.078,	0.0825388,	8,	10 5 0 11 7 3 9 6 1 4 8 2 
19054,	0.073,	0.0825388,	7,	8 11 9 7 1 10 0 6 5 4 3 2 
13612,	0.094,	0.0825388,	8,	10 7 8 11 5 9 1 4 3 6 2 0 
12754,	0.095,	0.0825388,	7,	6 9 3 1 0 7 5 2 8 4 11 10 
11560,	0.217,	0.0825388,	11,	9 6 8 0 7 4 1 5 2 10 3 11 
16828,	0.089,	0.0825388,	7,	2 4 11 7 3 10 5 6 8 0 1 9 
20258,	0.085,	0.0825388,	6,	0 3 10 9 6 5 7 11 4 8 2 1 
13612,	0.094,	0.0825388,	7,	10 7 8 11 5 9 1 4 3 6 2 0 
13356,	0.089,	0.0825388,	7,	6 4 11 9 0 2 8 5 10 3 7 1 
15076,	0.133,	0.0825388,	7,	11 10 0 1 8 5 7 6 3 4 2 9 
11326,	0.109,	0.0825388,	8,	4 6 3 9 2 0 1 5 8 10 11 7 
11668,	0.101,	0.0825388,	8,	10 4 11 7 5 2 8 6 3 0 1 9 
21004,	0.052,	0.0825388,	4,	6 0 4 2 11 1 10 9 3 7 5 8 
20394,	0.062,	0.0825388,	5,	3 0 7 2 5 6 9 8 4 11 10 1 
13238,	0.099,	0.0825388,	9,	9 6 3 1 7 0 5 2 8 4 11 10 
11216,	0.088,	0.0825388,	8,	10 4 0 11 5 2 3 6 8 9 1 7 
11558,	0.092,	0.0825388,	9,	10 5 8 11 7 3 1 6 2 0 4 9 
17244,	0.069,	0.0825388,	7,	3 5 9 1 2 8 7 4 6 10 0 11 
10192,	0.07,	0.0825388,	7,	6 4 3 1 0 2 8 5 9 10 7 11 
13352,	0.03,	0.0825388,	3,	4 6 11 7 2 9 1 10 0 5 3 8 
13798,	0.059,	0.0825388,	6,	6 0 11 1 9 3 8 5 2 10 4 7 
12314,	0.099,	0.0825388,	10,	6 4 9 1 0 10 7 5 11 3 8 2 
13430,	0.081,	0.0825388,	7,	5 3 9 11 10 2 7 4 8 6 1 0 
18418,	0.098,	0.0825388,	8,	5 3 8 11 10 0 7 2 6 4 1 9 
12314,	0.106,	0.0825388,	9,	6 4 9 1 0 10 7 5 11 3 8 2 
15332,	0.08,	0.0825388,	7,	5 3 10 1 8 2 11 4 9 6 7 0 
10214,	0.119,	0.0825388,	10,	6 4 3 9 0 2 1 5 11 10 8 7 
12538,	0.127,	0.0825388,	10,	10 4 0 7 5 2 3 9 11 6 8 1 
17890,	0.131,	0.0825388,	7,	3 5 9 8 2 11 0 4 1 10 6 7 
16718,	0.12,	0.0825388,	10,	3 2 10 8 5 4 11 0 9 6 7 1 
11754,	0.076,	0.0825388,	7,	6 9 11 1 0 7 8 10 3 4 5 2 
12820,	0.065,	0.0825388,	6,	0 6 7 1 9 4 8 10 2 5 3 11 
12472,	0.077,	0.0825388,	7,	9 6 8 1 7 0 11 5 3 10 2 4 
11558,	0.091,	0.0825388,	7,	10 5 8 11 7 3 1 6 2 0 4 9 
13372,	0.098,	0.0825388,	8,	10 4 11 7 5 9 8 6 3 0 2 1 
16414,	0.044,	0.0825388,	4,	10 11 0 8 5 1 3 6 9 4 7 2 
11908,	0.107,	0.0825388,	10,	9 6 3 1 7 0 8 5 2 10 4 11 
14308,	0.069,	0.0825388,	7,	6 4 1 2 0 10 8 3 7 5 9 11 
10580,	0.089,	0.0825388,	9,	9 6 4 1 7 0 2 10 8 5 11 3 
16570,	0.07,	0.0825388,	7,	4 2 1 7 10 3 8 0 5 6 11 9 
14400,	0.069,	0.0825388,	7,	6 0 4 8 1 9 7 10 3 5 2 11 
12818,	0.092,	0.0825388,	8,	0 6 7 2 1 4 9 10 11 5 8 3 
17458,	0.118,	0.0825388,	9,	10 4 5 0 7 2 3 11 6 8 9 1 
13576,	0.08,	0.0825388,	6,	10 4 8 11 7 2 1 5 6 3 9 0 
18644,	0.122,	0.0825388,	9,	1 6 4 11 8 0 2 9 3 7 5 10 
12062,	0.108,	0.0825388,	8,	6 4 11 1 0 10 8 5 7 3 9 2 
13034,	0.101,	0.0825388,	9,	3 5 6 1 2 10 0 4 11 9 8 7 
11326,	0.109,	0.0825388,	10,	4 6 3 9 2 0 1 5 8 10 11 7 
12734,	0.098,	0.0825388,	9,	7 10 3 8 9 5 2 0 11 6 1 4 
12986,	0.12,	0.0825388,	11,	5 10 9 8 11 4 7 0 2 6 3 1 
12602,	0.069,	0.0825388,	6,	10 7 8 11 5 9 1 6 0 4 3 2 
11558,	0.087,	0.0825388,	8,	10 5 8 11 7 3 1 6 2 0 4 9 
11838,	0.11,	0.0825388,	10,	6 4 11 1 0 9 8 5 3 10 2 7 
21042,	0.067,	0.0825388,	6,	3 1 4 0 2 8 6 10 7 5 9 11 
12334,	0.098,	0.0825388,	9,	9 4 3 7 6 2 0 5 8 10 1 11 
17872,	0.077,	0.0825388,	7,	3 5 0 8 1 11 6 10 7 4 9 2 
17734,	0.07,	0.0825388,	7,	0 3 10 1 6 2 5 7 11 9 8 4 
12062,	0.1,	0.0825388,	10,	6 4 11 1 0 10 8 5 7 3 9 2 
12560,	0.08,	0.0825388,	8,	5 10 8 11 3 7 1 6 4 0 2 9 
13662,	0.072,	0.0825388,	7,	11 10 9 1 8 5 7 6 3 4 0 2 
15572,	0.064,	0.0825388,	6,	9 4 8 1 7 2 11 6 10 0 5 3 
18068,	0.05,	0.0825388,	5,	2 3 11 8 4 5 1 10 0 7 6 9 
11876,	0.092,	0.0825388,	9,	10 7 2 11 5 9 3 4 1 6 8 0 
15572,	0.062,	0.0825388,	6,	9 4 8 1 7 2 11 6 10 0 5 3 
12294,	0.083,	0.0825388,	8,	4 10 3 2 6 5 1 7 11 9 8 0 
14430,	0.1,	0.0825388,	9,	5 3 8 11 10 0 1 6 9 4 7 2 
15228,	0.092,	0.0825388,	9,	5 3 0 11 10 2 7 6 8 4 1 9 
13242,	0.082,	0.0825388,	8,	0 6 10 1 9 4 7 5 8 3 11 2 
17930,	0.102,	0.0825388,	9,	5 3 2 8 10 0 11 4 9 6 7 1 
13726,	0.081,	0.0825388,	8,	9 6 10 1 7 0 5 4 8 2 11 3 
13166,	0.085,	0.0825388,	8,	6 4 5 1 0 2 3 10 11 7 8 9 
14032,	0.093,	0.0825388,	9,	4 10 8 2 6 11 1 7 5 9 3 0 
12216,	0.096,	0.0825388,	9,	3 5 1 8 2 10 11 0 7 6 9 4 
16666,	0.085,	0.0825388,	8,	1 6 3 11 8 0 5 2 9 4 7 10 
11418,	0.096,	0.0825388,	9,	6 4 3 1 0 9 2 5 8 10 11 7 
10804,	0.117,	0.0825388,	11,	6 9 11 1 0 7 8 10 4 5 2 3 
15670,	0.052,	0.0825388,	5,	0 6 1 2 3 9 11 5 7 10 8 4 
14954,	0.056,	0.0825388,	5,	4 6 5 7 2 9 3 10 0 11 1 8 
12096,	0.099,	0.0825388,	8,	9 6 5 1 7 0 3 10 8 4 11 2 
11370,	0.109,	0.0825388,	8,	5 10 9 11 3 7 0 6 8 4 1 2 
10580,	0.1,	0.0825388,	9,	9 6 4 1 7 0 2 10 8 5 11 3 
14720,	0.078,	0.0825388,	7,	3 0 9 1 2 6 7 4 8 10 11 5 
17890,	0.098,	0.0825388,	7,	0 3 11 1 6 5 8 10 4 7 2 9 
18352,	0.074,	0.0825388,	6,	6 1 2 11 0 8 3 4 7 10 9 5 
15582,	0.062,	0.0825388,	5,	9 4 3 1 7 2 5 0 10 6 11 8 
12096,	0.092,	0.0825388,	8,	9 6 5 1 7 0 3 10 8 4 11 2 
10624,	0.13,	0.0825388,	12,	9 6 3 0 7 4 2 5 8 10 1 11 
12776,	0.079,	0.0825388,	7,	4 6 9 2 10 0 7 3 1 5 8 11 
15896,	0.068,	0.0825388,	6,	1 6 9 11 8 0 7 4 3 10 2 5 
18696,	0.077,	0.0825388,	7,	1 6 5 11 8 0 10 3 9 2 7 4 
11560,	0.122,	0.0825388,	11,	9 6 8 0 7 4 1 5 2 10 3 11 
12444,	0.101,	0.0825388,	8,	5 10 4 11 3 7 2 9 8 6 1 0 
14926,	0.077,	0.0825388,	7,	1 6 3 11 8 0 2 5 9 10 7 4 
12352,	0.065,	0.0825388,	6,	6 4 11 1 0 2 8 10 3 7 5 9 
11198,	0.109,	0.0825388,	10,	10 4 7 11 5 2 3 9 8 6 1 0 
14594,	0.082,	0.0825388,	8,	5 10 2 8 11 7 3 4 0 6 1 9 
15008,	0.063,	0.0825388,	6,	3 2 0 8 5 4 1 6 10 9 11 7 
14158,	0.11,	0.0825388,	11,	5 3 9 11 10 0 7 6 1 4 8 2 
11946,	0.086,	0.0825388,	8,	10 5 1 11 7 3 8 0 2 6 4 9 
15618,	0.085,	0.0825388,	7,	5 3 4 11 10 2 6 7 8 9 1 0 
17126,	0.062,	0.0825388,	6,	0 6 8 1 3 9 11 2 5 4 10 7 
10476,	0.106,	0.0825388,	9,	4 6 7 9 2 0 8 10 1 5 11 3 
18880,	0.051,	0.0825388,	5,	1 6 5 0 8 4 11 10 2 7 3 9 
17520,	0.043,	0.0825388,	4,	4 6 2 7 9 0 3 11 10 8 5 1 
13302,	0.114,	0.0825388,	11,	3 5 8 1 2 10 11 7 4 9 6 0 
12842,	0.072,	0.0825388,	7,	4 10 9 2 6 5 7 0 11 3 8 1 
13430,	0.075,	0.0825388,	7,	5 3 9 11 10 2 7 4 8 6 1 0 
10624,	0.104,	0.0825388,	10,	9 6 3 0 7 4 2 5 8 10 1 11 
16136,	0.07,	0.0825388,	7,	10 11 7 8 5 1 9 4 3 6 2 0 
12216,	0.06,	0.0825388,	6,	3 5 1 8 2 10 11 0 7 6 9 4 
11992,	0.094,	0.0825388,	9,	10 4 3 11 5 6 2 7 1 9 8 0 
12776,	0.082,	0.0825388,	8,	4 6 9 2 10 0 7 3 1 5 8 11 
16850,	0.077,	0.0825388,	5,	11 10 3 6 8 5 1 7 4 9 2 0 
11248,	0.129,	0.0825388,	10,	3 5 9 1 2 10 7 4 11 6 8 0 
17452,	0.09,	0.0825388,	8,	5 3 4 11 10 1 2 6 8 0 7 9 
15956,	0.075,	0.0825388,	6,	3 0 8 7 2 6 1 5 4 10 9 11 
14168,	0.058,	0.0825388,	5,	0 9 5 3 6 7 11 10 8 4 1 2 
13798,	0.125,	0.0825388,	11,	6 0 11 1 9 3 8 5 2 10 4 7 
13242,	0.08,	0.0825388,	7,	0 6 10 1 9 4 7 5 11 3 8 2 
14614,	0.067,	0.0825388,	6,	4 6 5 11 2 0 3 10 1 7 8 9 
18166,	0.069,	0.0825388,	6,	2 3 10 8 4 5 11 0 9 6 7 1 
12062,	0.082,	0.0825388,	7,	6 4 11 1 0 10 8 5 7 3 9 2 
11926,	0.09,	0.0825388,	8,	4 6 10 9 2 0 7 5 8 3 11 1 
10580,	0.082,	0.0825388,	6,	9 6 4 1 7 0 2 10 8 5 11 3 
16868,	0.103,	0.0825388,	7,	6 0 2 8 1 9 4 3 7 5 10 11 
11688,	0.062,	0.0825388,	5,	4 10 9 7 2 5 1 6 11 0 8 3 
18040,	0.077,	0.0825388,	6,	6 0 4 11 8 3 2 7 5 9 10 1 
16154,	0.048,	0.0825388,	4,	0 9 10 2 3 7 5 4 8 6 11 1 
18274,	0.059,	0.0825388,	5,	6 1 3 9 0 8 7 5 2 10 4 11 
18108,	0.088,	0.0825388,	8,	0 3 5 7 9 2 11 10 8 4 1 6 
15408,	0.066,	0.0825388,	6,	7 10 3 8 9 4 2 0 5 6 11 1 
15758,	0.114,	0.0825388,	10,	9 7 1 0 6 10 8 3 4 5 2 11 
11560,	0.104,	0.0825388,	9,	9 6 8 0 7 4 1 5 2 10 3 11 
12560,	0.086,	0.0825388,	8,	5 10 8 11 3 7 1 6 4 0 2 9 
16484,	0.082,	0.0825388,	8,	3 0 8 1 5 9 11 6 7 4 10 2 
13138,	0.051,	0.0825388,	5,	6 0 4 11 1 9 2 10 7 5 8 3 
12816,	0.072,	0.0825388,	7,	3 5 8 1 2 10 11 4 7 6 9 0 
10096,	0.111,	0.0825388,	11,	10 5 4 11 7 3 2 6 1 0 8 9 
15652,	0.082,	0.0825388,	8,	0 3 7 9 6 5 8 10 11 4 1 2 
16538,	0.07,	0.0825388,	7,	10 4 7 0 5 6 9 8 3 11 2 1 
15008,	0.06,	0.0825388,	6,	3 2 0 8 5 4 1 6 10 9 11 7 
18824,	0.067,	0.0825388,	6,	2 3 6 0 4 5 9 11 8 10 1 7 
15204,	0.093,	0.0825388,	9,	3 2 7 8 1 4 9 10 6 5 0 11 
11592,	0.04,	0.0825388,	4,	3 5 9 1 0 10 7 6 11 4 8 2 
11560,	0.11,	0.0825388,	11,	9 6 8 0 7 4 1 5 2 10 3 11 
15194,	0.049,	0.0825388,	5,	3 2 0 1 5 4 6 9 8 7 11 10 
17644,	0.081,	0.0825388,	8,	6 1 9 11 0 8 7 4 3 10 2 5 
14720,	0.069,	0.0825388,	7,	3 0 9 1 2 6 7 4 8 10 11 5 
11370,	0.088,	0.0825388,	9,	5 10 9 11 3 7 0 6 8 4 1 2 
9916,	0.09,	0.0825388,	9,	6 9 4 1 0 7 2 10 8 5 11 3 
10580,	0.07,	0.0825388,	7,	9 6 4 1 7 0 2 10 8 5 11 3 
19756,	0.08,	0.0825388,	8,	1 3 6 11 8 5 9 4 0 10 2 7 
17540,	0.07,	0.0825388,	7,	1 3 0 11 8 5 9 6 10 4 7 2 
15228,	0.078,	0.0825388,	8,	5 3 0 11 10 2 7 6 8 4 1 9 
16978,	0.101,	0.0825388,	10,	2 4 8 11 3 10 5 6 7 0 9 1 
12314,	0.079,	0.0825388,	8,	6 4 9 1 0 10 7 5 11 3 8 2 
14750,	0.079,	0.0825388,	8,	9 0 4 7 6 3 2 10 1 5 8 11 
17850,	0.074,	0.0825388,	7,	0 3 10 1 7 2 5 4 11 6 8 9 
14158,	0.101,	0.0825388,	10,	5 3 9 11 10 0 7 6 1 4 8 2 
11668,	0.096,	0.0825388,	9,	10 4 11 7 5 2 8 6 3 0 1 9 
13302,	0.092,	0.0825388,	9,	3 5 8 1 2 10 11 7 4 9 6 0 
12490,	0.129,	0.0825388,	13,	4 10 8 7 2 5 11 6 3 0 1 9 
12836,	0.099,	0.0825388,	10,	11 10 2 1 8 5 3 4 9 6 7 0 
15578,	0.061,	0.0825388,	6,	5 10 0 11 3 4 2 9 6 7 1 8 
10096,	0.069,	0.0825388,	7,	10 5 4 11 7 3 2 6 1 0 8 9 
11560,	0.119,	0.0825388,	12,	9 6 8 0 7 4 1 5 2 10 3 11 
17018,	0.08,	0.0825388,	8,	2 3 7 11 4 5 10 9 8 6 1 0 
17412,	0.068,	0.0825388,	7,	10 11 4 8 5 1 7 6 3 0 2 9 
19932,	0.06,	0.0825388,	6,	8 6 10 3 11 0 5 7 2 9 4 1 
14116,	0.07,	0.0825388,	7,	5 10 9 8 11 7 1 4 3 6 2 0 
12096,	0.13,	0.0825388,	13,	9 6 5 1 7 0 3 10 8 4 11 2 
11876,	0.079,	0.0825388,	8,	10 7 2 11 5 9 3 4 1 6 8 0 
16080,	0.059,	0.0825388,	6,	6 4 10 9 0 2 7 11 3 8 5 1 
11458,	0.04,	0.0825388,	4,	6 9 11 1 0 7 8 5 3 10 2 4 
19958,	0.071,	0.0825388,	7,	1 3 6 11 8 2 0 4 10 9 5 7 
13624,	0.092,	0.0825388,	9,	10 7 8 11 5 9 1 6 4 0 2 3 
14782,	0.069,	0.0825388,	6,	9 7 3 1 0 10 5 2 11 4 8 6 
11498,	0.073,	0.0825388,	7,	9 6 3 1 7 0 2 5 8 10 11 4 
14116,	0.061,	0.0825388,	6,	5 10 9 8 11 7 1 4 3 6 2 0 
13138,	0.056,	0.0825388,	5,	6 0 4 11 1 9 2 10 7 5 8 3 
10506,	0.134,	0.0825388,	13,	6 4 7 1 0 2 9 10 11 5 8 3 
11198,	0.094,	0.0825388,	9,	10 4 7 11 5 2 3 9 8 6 1 0 
13662,	0.099,	0.0825388,	10,	11 10 9 1 8 5 7 6 3 4 0 2 
19294,	0.08,	0.0825388,	8,	3 0 7 8 2 1 9 10 6 5 4 11 
10624,	0.107,	0.0825388,	11,	9 6 3 0 7 4 2 5 8 10 1 11 
23178,	0.04,	0.0825388,	4,	11 1 7 8 10 6 0 9 3 4 5 2 
18890,	0.07,	0.0825388,	7,	2 3 9 6 4 0 7 5 1 10 8 11 
11838,	0.059,	0.0825388,	6,	4 6 7 9 2 0 3 10 1 5 8 11 
15012,	0.078,	0.0825388,	8,	7 9 3 8 10 0 5 2 1 4 11 6 
17494,	0.111,	0.0825388,	11,	2 3 1 11 4 5 8 0 10 6 7 9 
18208,	0.059,	0.0825388,	6,	3 0 1 7 2 9 8 6 5 4 11 10 
12190,	0.068,	0.0825388,	7,	4 6 10 7 9 0 11 5 1 3 8 2 
18442,	0.061,	0.0825388,	6,	0 3 9 2 1 5 7 4 10 6 11 8 
11216,	0.089,	0.0825388,	9,	10 4 0 11 5 2 3 6 8 9 1 7 
17206,	0.072,	0.0825388,	7,	5 3 11 7 8 2 1 10 0 4 9 6 
14878,	0.052,	0.0825388,	5,	10 4 11 0 7 2 8 5 6 3 9 1 
17878,	0.09,	0.0825388,	8,	3 0 8 1 2 9 11 6 5 4 10 7 
13190,	0.066,	0.0825388,	6,	7 10 2 0 9 5 3 4 11 6 8 1 
11560,	0.099,	0.0825388,	9,	9 6 8 0 7 4 1 5 2 10 3 11 
15106,	0.09,	0.0825388,	8,	5 10 9 8 11 7 6 4 0 2 1 3 
10506,	0.087,	0.0825388,	8,	6 4 7 1 0 2 9 10 11 5 8 3 
16458,	0.09,	0.0825388,	8,	9 4 0 7 6 2 1 10 3 11 5 8 
14400,	0.094,	0.0825388,	8,	6 0 4 8 1 9 7 10 3 5 2 11 
11646,	0.102,	0.0825388,	9,	5 10 8 11 3 7 1 6 9 4 0 2 
13240,	0.065,	0.0825388,	6,	3 5 2 8 1 10 11 4 7 6 9 0 
12974,	0.11,	0.0825388,	10,	10 5 7 2 4 3 9 0 8 6 11 1 
11216,	0.055,	0.0825388,	5,	10 4 0 11 5 2 3 6 8 9 1 7 
19756,	0.088,	0.0825388,	8,	1 3 6 11 8 5 9 4 0 10 2 7 
11556,	0.098,	0.0825388,	9,	4 6 11 9 2 0 1 10 7 5 8 3 
15530,	0.099,	0.0825388,	9,	4 10 6 7 9 5 0 11 3 8 2 1 
18108,	0.065,	0.0825388,	6,	5 3 0 8 11 2 1 9 4 7 6 10 
15976,	0.079,	0.0825388,	7,	6 0 3 11 1 9 5 2 7 4 8 10 
13674,	0.075,	0.0825388,	7,	7 10 6 8 9 5 0 4 11 2 1 3 
12776,	0.089,	0.0825388,	8,	4 6 9 2 10 0 7 3 1 5 8 11 
11444,	0.086,	0.0825388,	8,	6 9 3 1 0 7 8 5 4 10 2 11 
12386,	0.12,	0.0825388,	9,	4 10 7 2 6 5 8 9 11 0 1 3 
17076,	0.083,	0.0825388,	6,	4 2 1 10 6 3 8 0 5 9 11 7 
12294,	0.109,	0.0825388,	8,	4 10 3 2 6 5 1 7 11 9 8 0 
17246,	0.064,	0.0825388,	5,	6 4 3 11 8 2 5 0 10 9 7 1 
15012,	0.08,	0.0825388,	7,	7 9 3 8 10 0 5 2 1 4 11 6 
10122,	0.065,	0.0825388,	6,	10 5 0 11 7 3 9 6 1 4 8 2 
13624,	0.083,	0.0825388,	7,	4 2 9 7 6 3 0 5 1 10 8 11 
15008,	0.086,	0.0825388,	8,	3 2 0 8 5 4 1 6 10 9 11 7 
17024,	0.116,	0.0825388,	11,	10 11 9 8 5 1 7 6 3 4 0 2 
10214,	0.144,	0.0825388,	12,	6 4 3 9 0 2 1 5 11 10 8 7 
12486,	0.085,	0.0825388,	8,	10 5 0 11 4 3 2 6 1 9 8 7 
12850,	0.087,	0.0825388,	8,	5 10 9 8 3 11 7 0 2 6 4 1 
11418,	0.075,	0.0825388,	7,	6 4 3 1 0 9 2 5 8 10 11 7 
19326,	0.117,	0.0825388,	11,	6 1 3 11 0 8 5 2 7 4 9 10 
13316,	0.063,	0.0825388,	6,	9 6 11 0 7 4 2 10 8 5 1 3 
15280,	0.079,	0.0825388,	8,	5 3 8 11 10 2 1 7 4 9 6 0 
10096,	0.1,	0.0825388,	10,	10 5 4 11 7 3 2 6 1 0 8 9 
11838,	0.079,	0.0825388,	8,	4 6 7 9 2 0 3 10 1 5 8 11 
10096,	0.069,	0.0825388,	7,	10 5 4 11 7 3 2 6 1 0 8 9 
14400,	0.126,	0.0825388,	12,	6 0 4 8 1 9 7 10 3 5 2 11 
17628,	0.072,	0.0825388,	7,	0 3 6 2 1 5 8 4 9 10 7 11 
14594,	0.063,	0.0825388,	6,	5 10 2 8 11 7 3 4 0 6 1 9 
13902,	0.094,	0.0825388,	9,	9 6 8 0 7 4 1 5 10 3 11 2 
11560,	0.091,	0.0825388,	9,	9 6 8 0 7 4 1 5 2 10 3 11 
14926,	0.042,	0.0825388,	4,	1 6 3 11 8 0 2 5 9 10 7 4 
12062,	0.09,	0.0825388,	9,	6 4 11 1 0 10 8 5 7 3 9 2 
14720,	0.072,	0.0825388,	7,	3 0 9 1 2 6 7 4 8 10 11 5 
16844,	0.064,	0.0825388,	6,	10 11 7 4 5 1 8 9 3 6 2 0 
12576,	0.055,	0.0825388,	5,	10 4 8 11 7 6 1 5 0 3 9 2 
11908,	0.087,	0.0825388,	8,	9 6 3 1 7 0 8 5 2 10 4 11 
11302,	0.066,	0.0825388,	6,	6 9 8 0 4 7 1 5 3 10 2 11 
12370,	0.08,	0.0825388,	7,	10 4 3 11 5 2 8 0 9 6 7 1 
13298,	0.112,	0.0825388,	10,	3 5 8 1 2 10 11 6 7 4 0 9 
17702,	0.082,	0.0825388,	7,	0 3 10 7 9 2 5 4 11 6 8 1 
13034,	0.09,	0.0825388,	7,	3 5 6 1 2 10 0 4 11 9 8 7 
14416,	0.109,	0.0825388,	8,	5 10 3 8 11 7 2 6 0 4 1 9 
15632,	0.089,	0.0825388,	8,	4 10 11 7 6 5 8 2 9 3 0 1 
16154,	0.075,	0.0825388,	7,	0 9 10 2 3 7 5 4 8 6 11 1 
13372,	0.087,	0.0825388,	7,	10 4 11 7 5 9 8 6 3 0 2 1 
14494,	0.043,	0.0825388,	4,	3 0 7 1 5 6 9 10 8 4 11 2 
17094,	0.107,	0.0825388,	9,	4 9 10 11 2 7 5 0 3 6 8 1 
12816,	0.11,	0.0825388,	8,	3 5 8 1 2 10 11 4 7 6 9 0 
12820,	0.078,	0.0825388,	7,	0 6 7 1 9 4 8 10 2 5 3 11 
12050,	0.102,	0.0825388,	8,	4 10 8 2 6 5 11 7 3 9 1 0 
18908,	0.086,	0.0825388,	8,	4 2 6 7 9 3 0 11 5 8 10 1 
17986,	0.08,	0.0825388,	6,	3 0 8 2 5 6 11 7 4 9 10 1 
10506,	0.124,	0.0825388,	9,	6 4 7 1 0 2 9 10 11 5 8 3 
9552,	0.088,	0.0825388,	7,	6 4 11 1 0 2 8 10 9 5 7 3 
13624,	0.069,	0.0825388,	7,	10 7 8 11 5 9 1 6 4 0 2 3 
11852,	0.07,	0.0825388,	7,	4 6 11 7 2 9 8 10 0 5 1 3 
13264,	0.06,	0.0825388,	6,	10 5 8 11 4 3 1 6 2 9 0 7 
13624,	0.08,	0.0825388,	8,	4 2 9 7 6 3 0 5 1 10 8 11 
15980,	0.05,	0.0825388,	5,	0 9 6 2 1 7 8 4 3 10 5 11 
14690,	0.059,	0.0825388,	6,	10 7 8 11 5 9 1 4 6 2 0 3 
16598,	0.04,	0.0825388,	4,	10 5 4 2 7 11 9 6 8 0 1 3 
15924,	0.061,	0.0825388,	6,	2 4 9 11 3 10 7 0 5 6 8 1 
12576,	0.08,	0.0825388,	8,	10 4 8 11 7 6 1 5 0 3 9 2 
11418,	0.07,	0.0825388,	7,	6 4 3 1 0 9 2 5 8 10 11 7 
9552,	0.09,	0.0825388,	9,	6 4 11 1 0 2 8 10 9 5 7 3 
13222,	0.059,	0.0825388,	6,	5 10 3 7 11 4 2 0 8 6 1 9 
14814,	0.059,	0.0825388,	6,	4 10 0 2 6 11 1 3 7 5 9 8 
11370,	0.08,	0.0825388,	8,	5 10 9 11 3 7 0 6 8 4 1 2 
15596,	0.079,	0.0825388,	8,	7 10 8 0 9 4 11 5 6 3 1 2 
10096,	0.098,	0.0825388,	10,	10 5 4 11 7 3 2 6 1 0 8 9 
17376,	0.069,	0.0825388,	7,	10 11 6 8 5 1 0 4 9 2 7 3 
12096,	0.06,	0.0825388,	6,	9 6 5 1 7 0 3 10 8 4 11 2 
14836,	0.079,	0.0825388,	8,	4 10 9 2 6 5 7 1 3 8 0 11 
12852,	0.08,	0.0825388,	8,	10 4 0 11 5 2 6 9 8 7 1 3 
13380,	0.098,	0.0825388,	10,	11 10 6 1 8 5 0 4 9 2 7 3 
13302,	0.061,	0.0825388,	6,	3 5 8 1 2 10 11 7 4 9 6 0 
10096,	0.09,	0.0825388,	9,	10 5 4 11 7 3 2 6 1 0 8 9 
16174,	0.11,	0.0825388,	11,	4 6 10 7 2 9 5 11 0 8 3 1 
12386,	0.079,	0.0825388,	8,	4 10 7 2 6 5 8 9 11 0 1 3 
18254,	0.059,	0.0825388,	6,	10 4 7 0 5 2 9 8 3 11 1 6 
10790,	0.07,	0.0825388,	7,	0 6 3 1 9 4 2 5 8 10 11 7 
14430,	0.089,	0.0825388,	9,	5 3 8 11 10 0 1 6 9 4 7 2 
18620,	0.059,	0.0825388,	6,	1 3 6 11 8 5 0 9 4 7 2 10 
13346,	0.091,	0.0825388,	9,	4 9 8 2 6 7 1 5 0 10 3 11 
13298,	0.069,	0.0825388,	7,	3 5 8 1 2 10 11 6 7 4 0 9 
14400,	0.091,	0.0825388,	9,	6 0 4 8 1 9 7 10 3 5 2 11 
16202,	0.07,	0.0825388,	7,	6 4 8 1 9 2 11 3 10 0 5 7 
15572,	0.069,	0.0825388,	7,	9 4 8 1 7 2 11 6 10 0 5 3 
13680,	0.09,	0.0825388,	9,	10 4 3 7 5 9 2 0 8 6 11 1 
13242,	0.061,	0.0825388,	6,	0 6 10 1 9 4 7 5 11 3 8 2 
17232,	0.078,	0.0825388,	8,	1 6 9 11 8 0 7 4 10 2 5 3 
11908,	0.071,	0.0825388,	7,	9 6 3 1 7 0 8 5 2 10 4 11 
13458,	0.079,	0.0825388,	8,	11 10 9 1 8 5 7 4 3 6 2 0 
13094,	0.064,	0.0825388,	6,	10 5 4 2 11 3 6 7 1 9 8 0 
14056,	0.06,	0.0825388,	6,	3 5 9 8 1 10 7 0 4 6 2 11 
15404,	0.07,	0.0825388,	7,	4 10 8 7 6 11 1 5 9 3 0 2 
16930,	0.091,	0.0825388,	9,	5 3 9 1 8 2 7 4 0 10 6 11 
13380,	0.088,	0.0825388,	9,	11 10 6 1 8 5 0 4 9 2 7 3 
20006,	0.06,	0.0825388,	6,	0 6 2 7 3 9 4 11 5 8 10 1 
15622,	0.081,	0.0825388,	8,	6 0 8 11 1 9 7 10 3 4 5 2 
16362,	0.07,	0.0825388,	7,	9 0 6 2 7 3 1 4 8 10 11 5 
17946,	0.075,	0.0825388,	7,	11 6 10 1 8 0 4 5 9 3 7 2 
21066,	0.094,	0.0825388,	9,	6 1 5 11 0 8 3 10 2 7 4 9 
21616,	0.062,	0.0825388,	6,	11 6 3 5 10 9 0 2 1 4 8 7 
10804,	0.097,	0.0825388,	9,	6 9 11 1 0 7 8 10 4 5 2 3 
10506,	0.121,	0.0825388,	11,	6 4 7 1 0 2 9 10 11 5 8 3 
10122,	0.136,	0.0825388,	13,	10 5 0 11 7 3 9 6 1 4 8 2 
17500,	0.07,	0.0825388,	7,	10 5 6 2 4 3 0 11 7 8 9 1 
13770,	0.073,	0.0825388,	7,	10 4 7 8 11 6 9 5 0 3 1 2 
18802,	0.092,	0.0825388,	9,	2 3 8 0 4 5 1 7 9 10 6 11 
11488,	0.062,	0.0825388,	6,	10 4 8 11 5 6 1 7 3 9 2 0 
11560,	0.061,	0.0825388,	6,	9 6 8 0 7 4 1 5 2 10 3 11 
12096,	0.101,	0.0825388,	10,	9 6 5 1 7 0 3 10 8 4 11 2 
10096,	0.09,	0.0825388,	9,	10 5 4 11 7 3 2 6 1 0 8 9 
9552,	0.099,	0.0825388,	10,	6 4 11 1 0 2 8 10 9 5 7 3 
12234,	0.059,	0.0825388,	6,	6 9 11 0 4 7 1 10 3 5 2 8 
10122,	0.061,	0.0825388,	6,	10 5 0 11 7 3 9 6 1 4 8 2 
15072,	0.069,	0.0825388,	7,	9 6 8 1 7 0 11 5 10 3 4 2 
19118,	0.059,	0.0825388,	6,	3 7 2 1 5 9 8 4 6 10 0 11 
17064,	0.07,	0.0825388,	7,	7 9 5 0 10 6 11 3 1 2 8 4 
9916,	0.109,	0.0825388,	11,	6 9 4 1 0 7 2 10 8 5 11 3 
14316,	0.05,	0.0825388,	5,	10 7 3 11 5 9 8 0 4 6 2 1 
16932,	0.078,	0.0825388,	8,	10 5 7 2 4 3 9 8 0 11 6 1 
17674,	0.05,	0.0825388,	5,	11 6 10 1 8 4 5 7 2 9 3 0 
12560,	0.079,	0.0825388,	8,	5 10 8 11 3 7 1 6 4 0 2 9 
10096,	0.07,	0.0825388,	7,	10 5 4 11 7 3 2 6 1 0 8 9 
15622,	0.079,	0.0825388,	8,	6 0 8 11 1 9 7 10 3 4 5 2 
14796,	0.071,	0.0825388,	7,	6 4 3 8 1 10 2 7 5 9 11 0 
11946,	0.068,	0.0825388,	7,	10 5 1 11 7 3 8 0 2 6 4 9 
12560,	0.059,	0.0825388,	6,	5 10 8 11 3 7 1 6 4 0 2 9 
15030,	0.06,	0.0825388,	6,	6 9 4 1 0 7 2 5 10 3 11 8 
15714,	0.08,	0.0825388,	8,	4 2 10 7 9 3 5 0 8 6 11 1 
18880,	0.059,	0.0825388,	6,	1 6 5 0 8 4 11 10 2 7 3 9 
14108,	0.069,	0.0825388,	7,	4 10 9 2 6 7 0 3 8 5 1 11 
11838,	0.052,	0.0825388,	5,	6 4 11 1 0 9 8 5 3 10 2 7 
13726,	0.1,	0.0825388,	10,	9 6 10 1 7 0 5 4 8 2 11 3 
14790,	0.071,	0.0825388,	7,	11 10 9 1 8 5 7 6 4 0 2 3 
15864,	0.089,	0.0825388,	9,	1 6 5 11 8 0 3 10 9 4 7 2 
18404,	0.088,	0.0825388,	9,	10 11 2 8 5 1 3 4 6 9 0 7 
15898,	0.119,	0.0825388,	12,	10 4 0 7 5 6 9 1 3 8 2 11 
11458,	0.069,	0.0825388,	7,	6 9 11 1 0 7 8 5 3 10 2 4 
11668,	0.071,	0.0825388,	7,	10 4 11 7 5 2 8 6 3 0 1 9 
10624,	0.069,	0.0825388,	7,	9 6 3 0 7 4 2 5 8 10 1 11 
16870,	0.071,	0.0825388,	7,	4 6 3 2 10 0 5 1 9 8 7 11 
18644,	0.079,	0.0825388,	7,	1 6 4 11 8 0 2 9 3 7 5 10 
13184,	0.061,	0.0825388,	6,	4 10 7 11 2 5 3 9 8 6 1 0 
11556,	0.063,	0.0825388,	6,	4 6 11 9 2 0 1 10 7 5 8 3 
10214,	0.084,	0.0825388,	8,	6 4 3 9 0 2 1 5 11 10 8 7 
10476,	0.108,	0.0825388,	10,	4 6 7 9 2 0 8 10 1 5 11 3 
11326,	0.08,	0.0825388,	7,	4 6 3 9 2 0 1 5 8 10 11 7 
18370,	0.08,	0.0825388,	7,	0 6 10 2 3 4 5 11 9 8 7 1 
17424,	0.081,	0.0825388,	7,	5 3 4 8 11 2 10 6 0 9 1 7 
10624,	0.116,	0.0825388,	10,	9 6 3 0 7 4 2 5 8 10 1 11 
12300,	0.141,	0.0825388,	13,	5 10 4 11 3 7 2 6 8 0 1 9 
12284,	0.076,	0.0825388,	7,	9 6 2 1 7 0 3 4 8 10 11 5 
16160,	0.065,	0.0825388,	6,	1 6 3 11 8 9 0 5 4 10 2 7 
13858,	0.094,	0.0825388,	8,	10 4 9 11 7 6 0 5 1 3 8 2 
13222,	0.083,	0.0825388,	7,	5 10 3 7 11 4 2 0 8 6 1 9 
17070,	0.126,	0.0825388,	10,	5 3 7 8 11 0 9 10 6 4 1 2 
12246,	0.162,	0.0825388,	13,	3 5 0 1 2 10 7 6 11 4 8 9 
14106,	0.084,	0.0825388,	7,	4 2 7 9 6 3 0 10 1 5 8 11 
14382,	0.078,	0.0825388,	7,	0 6 5 7 3 9 11 10 1 4 8 2 
12246,	0.1,	0.0825388,	8,	3 5 0 1 2 10 7 6 11 4 8 9 
14090,	0.059,	0.0825388,	5,	10 4 8 11 5 6 1 2 9 3 7 0 
15896,	0.09,	0.0825388,	8,	1 6 9 11 8 0 7 4 3 10 2 5 
17272,	0.055,	0.0825388,	5,	0 3 10 7 9 5 11 6 8 4 1 2 
12392,	0.068,	0.0825388,	6,	5 10 3 8 11 4 2 0 9 6 7 1 
10824,	0.137,	0.0825388,	12,	6 4 3 9 0 2 7 5 8 10 1 11 
10790,	0.051,	0.0825388,	5,	0 6 3 1 9 4 2 5 11 10 8 7 
12174,	0.075,	0.0825388,	7,	4 10 7 9 2 5 3 0 11 6 8 1 
11418,	0.101,	0.0825388,	10,	6 4 3 1 0 9 2 5 8 10 11 7 
14598,	0.069,	0.0825388,	7,	4 10 8 2 6 11 1 5 7 3 9 0 
15404,	0.059,	0.0825388,	6,	4 10 8 7 6 11 1 5 9 3 0 2 
14272,	0.099,	0.0825388,	10,	10 4 0 11 7 2 1 3 6 5 9 8 
12576,	0.079,	0.0825388,	8,	10 4 8 11 7 6 1 5 0 3 9 2 
15282,	0.089,	0.0825388,	9,	0 3 9 1 6 2 7 4 11 10 8 5 
15128,	0.049,	0.0825388,	5,	0 6 11 7 3 9 1 10 4 5 2 8 
16440,	0.092,	0.0825388,	9,	9 7 2 1 0 10 3 4 5 6 11 8 
11014,	0.061,	0.0825388,	6,	6 9 3 1 0 7 2 5 8 10 11 4 
12352,	0.071,	0.0825388,	7,	6 4 11 1 0 2 8 10 3 7 5 9 
19680,	0.053,	0.0825388,	5,	1 6 4 11 8 0 10 2 9 3 7 5 
14172,	0.063,	0.0825388,	6,	4 10 8 11 2 5 1 6 9 0 7 3 
16988,	0.077,	0.0825388,	7,	11 10 7 1 8 4 9 5 6 3 0 2 
16488,	0.085,	0.0825388,	8,	6 1 4 11 0 8 2 10 7 5 9 3 
13328,	0.075,	0.0825388,	7,	5 10 8 11 3 4 1 6 2 9 0 7 
16532,	0.062,	0.0825388,	6,	9 0 8 1 7 3 11 6 5 4 10 2 
11198,	0.092,	0.0825388,	9,	10 4 7 11 5 2 3 9 8 6 1 0 
13680,	0.112,	0.0825388,	11,	10 4 3 7 5 9 2 0 8 6 11 1 
9916,	0.084,	0.0825388,	8,	6 9 4 1 0 7 2 10 8 5 11 3 
12096,	0.093,	0.0825388,	9,	9 6 5 1 7 0 3 10 8 4 11 2 
12294,	0.143,	0.0825388,	13,	4 10 3 2 6 5 1 7 11 9 8 0 
13850,	0.086,	0.0825388,	8,	0 6 4 7 3 9 2 10 1 5 8 11 
10624,	0.088,	0.0825388,	8,	9 6 3 0 7 4 2 5 8 10 1 11 
13222,	0.1,	0.0825388,	10,	5 10 3 7 11 4 2 0 8 6 1 9 
12818,	0.071,	0.0825388,	7,	0 6 7 2 1 4 9 10 8 5 11 3 
11838,	0.119,	0.0825388,	12,	6 4 11 1 0 9 8 5 3 10 2 7 
10096,	0.082,	0.0825388,	8,	10 5 4 11 7 3 2 6 1 0 8 9 
13702,	0.049,	0.0825388,	5,	0 6 7 2 3 4 9 10 8 5 1 11 
16244,	0.079,	0.0825388,	8,	3 0 2 1 5 6 8 4 9 10 7 11 
12738,	0.06,	0.0825388,	6,	4 9 11 2 6 7 8 10 0 5 1 3 
13726,	0.079,	0.0825388,	8,	9 6 10 1 7 0 5 4 8 2 11 3 
16494,	0.081,	0.0825388,	8,	7 9 2 8 10 0 3 4 5 6 11 1 
17460,	0.06,	0.0825388,	6,	3 0 5 8 2 6 11 10 9 4 1 7 
17520,	0.08,	0.0825388,	8,	3 5 6 8 2 11 1 4 9 10 0 7 
14158,	0.059,	0.0825388,	6,	5 3 9 11 10 0 7 6 1 4 8 2 
18614,	0.07,	0.0825388,	7,	3 5 2 1 0 10 4 11 7 8 9 6 
17540,	0.08,	0.0825388,	8,	1 3 0 11 8 5 9 6 10 4 7 2 
17642,	0.07,	0.0825388,	7,	5 3 7 11 10 0 8 9 6 4 1 2 
11668,	0.08,	0.0825388,	8,	10 4 11 7 5 2 8 6 3 0 1 9 
12632,	0.069,	0.0825388,	7,	4 10 0 2 6 5 1 9 11 7 8 3 
12744,	0.05,	0.0825388,	5,	4 10 7 2 6 5 3 9 11 0 8 1 
15572,	0.079,	0.0825388,	8,	9 4 8 1 7 2 11 6 10 0 5 3 
18502,	0.059,	0.0825388,	6,	2 3 11 8 4 5 10 6 9 0 7 1 
13098,	0.04,	0.0825388,	4,	10 5 0 2 7 3 1 6 8 4 11 9 
12730,	0.09,	0.0825388,	9,	6 4 10 1 0 2 11 5 9 3 7 8 
11646,	0.05,	0.0825388,	5,	5 10 8 11 3 7 1 6 9 4 0 2 
14928,	0.08,	0.0825388,	8,	9 6 5 1 7 0 10 3 8 2 11 4 
12216,	0.081,	0.0825388,	8,	3 5 1 8 2 10 11 0 7 6 9 4 
13316,	0.07,	0.0825388,	7,	9 6 11 0 7 4 2 10 8 5 1 3 
11592,	0.08,	0.0825388,	8,	3 5 9 1 0 10 7 6 11 4 8 2 
17332,	0.03,	0.0825388,	3,	6 4 9 2 0 10 7 1 5 8 3 11 
12836,	0.089,	0.0825388,	9,	11 10 2 1 8 5 3 4 9 6 7 0 
20262,	0.059,	0.0825388,	6,	0 3 10 7 9 1 5 6 8 4 11 2 
17162,	0.071,	0.0825388,	7,	6 9 3 0 4 7 2 8 10 11 5 1 
17232,	0.059,	0.0825388,	6,	1 6 9 11 8 0 7 4 10 2 5 3 
14876,	0.07,	0.0825388,	7,	5 3 8 11 10 2 1 4 9 6 7 0 
17294,	0.06,	0.0825388,	6,	0 3 4 9 6 5 2 7 8 10 1 11 
13576,	0.078,	0.0825388,	8,	10 4 8 11 7 2 1 5 6 3 9 0 
14216,	0.091,	0.0825388,	9,	4 10 3 7 2 11 5 0 8 6 1 9 
11326,	0.069,	0.0825388,	7,	4 6 3 9 2 0 1 5 8 10 11 7 
16908,	0.059,	0.0825388,	6,	3 0 1 7 5 9 8 6 10 4 11 2 
10096,	0.13,	0.0825388,	13,	10 5 4 11 7 3 2 6 1 0 8 9 
12776,	0.108,	0.0825388,	11,	4 6 9 2 10 0 7 3 1 5 8 11 
13068,	0.081,	0.0825388,	8,	5 10 4 8 3 11 2 6 1 9 0 7 
19226,	0.059,	0.0825388,	6,	1 9 2 11 8 7 3 4 10 6 5 0 
15420,	0.049,	0.0825388,	5,	3 2 1 8 5 4 11 0 10 6 7 9 
14594,	0.052,	0.0825388,	5,	5 10 2 8 11 7 3 4 0 6 1 9 
10122,	0.059,	0.0825388,	6,	10 5 0 11 7 3 9 6 1 4 8 2 
15426,	0.051,	0.0825388,	5,	7 10 1 8 0 5 11 6 3 4 2 9 
16666,	0.069,	0.0825388,	7,	1 6 3 11 8 0 5 2 9 4 7 10 
15918,	0.071,	0.0825388,	7,	0 3 11 1 6 5 8 10 9 4 7 2 
12300,	0.088,	0.0825388,	9,	5 10 4 11 3 7 2 6 8 0 1 9 
13726,	0.079,	0.0825388,	8,	9 6 10 1 7 0 5 4 8 2 11 3 
11908,	0.059,	0.0825388,	6,	9 6 3 1 7 0 8 5 2 10 4 11 
13222,	0.079,	0.0825388,	8,	5 10 3 7 11 4 2 0 8 6 1 9 
12750,	0.112,	0.0825388,	11,	9 4 0 7 6 2 1 10 11 5 8 3 
11558,	0.078,	0.0825388,	8,	10 5 8 11 7 3 1 6 2 0 4 9 
17930,	0.08,	0.0825388,	8,	5 3 4 11 10 0 2 9 6 7 1 8 
10096,	0.069,	0.0825388,	7,	10 5 4 11 7 3 2 6 1 0 8 9 
14116,	0.069,	0.0825388,	7,	5 10 9 8 11 7 1 4 3 6 2 0 
11592,	0.062,	0.0825388,	6,	3 5 9 1 0 10 7 6 11 4 8 2 
15918,	0.079,	0.0825388,	8,	0 3 11 1 6 5 8 10 9 4 7 2 
14796,	0.069,	0.0825388,	7,	6 4 3 8 1 10 2 7 5 9 11 0 
9552,	0.089,	0.0825388,	9,	6 4 11 1 0 2 8 10 9 5 7 3 
15744,	0.069,	0.0825388,	7,	6 4 1 8 0 10 11 9 2 7 3 5 
13372,	0.09,	0.0825388,	9,	10 4 11 7 5 9 8 6 3 0 2 1 
18202,	0.05,	0.0825388,	5,	11 5 6 1 8 3 0 10 7 4 9 2 
14116,	0.069,	0.0825388,	7,	5 10 9 8 11 7 1 4 3 6 2 0 
12270,	0.105,	0.0825388,	10,	7 10 2 8 9 5 3 4 11 6 1 0 
14272,	0.117,	0.0825388,	11,	10 4 0 11 7 2 1 3 6 5 9 8 
14108,	0.078,	0.0825388,	8,	4 10 9 2 6 7 0 3 8 5 1 11 
17656,	0.07,	0.0825388,	7,	10 11 0 8 5 1 3 6 2 9 4 7 
15320,	0.089,	0.0825388,	9,	5 3 8 11 10 2 1 6 0 4 9 7 
14400,	0.07,	0.0825388,	7,	6 0 4 8 1 9 7 10 3 5 2 11 
10580,	0.08,	0.0825388,	8,	9 6 4 1 7 0 2 10 8 5 11 3 
11558,	0.079,	0.0825388,	8,	10 5 8 11 7 3 1 6 2 0 4 9 
11498,	0.08,	0.0825388,	8,	9 6 3 1 7 0 2 5 8 10 11 4 
12036,	0.089,	0.0825388,	9,	10 5 7 8 11 3 9 0 2 6 4 1 
14272,	0.08,	0.0825388,	8,	10 4 0 11 7 2 1 3 6 5 9 8 
10790,	0.052,	0.0825388,	5,	0 6 3 1 9 4 2 5 11 10 8 7 
14986,	0.075,	0.0825388,	7,	11 10 6 1 8 5 0 9 3 7 2 4 
14316,	0.08,	0.0825388,	7,	10 7 3 11 5 9 8 0 4 6 2 1 
13090,	0.055,	0.0825388,	5,	3 5 0 1 2 10 6 7 11 9 8 4 
11418,	0.093,	0.0825388,	8,	6 4 3 1 0 9 2 5 8 10 11 7 
16776,	0.068,	0.0825388,	6,	8 5 3 1 11 10 2 0 7 6 9 4 
15280,	0.055,	0.0825388,	5,	5 3 8 11 10 2 1 7 4 9 6 0 
15622,	0.067,	0.0825388,	6,	6 0 8 11 1 9 7 10 3 4 5 2 
11838,	0.099,	0.0825388,	9,	6 4 11 1 0 9 8 5 3 10 2 7 
16212,	0.081,	0.0825388,	7,	1 6 2 11 8 0 3 4 9 10 7 5 
14688,	0.044,	0.0825388,	4,	0 3 7 1 6 5 9 10 11 4 8 2 
11402,	0.079,	0.0825388,	7,	10 5 4 8 11 3 2 6 7 0 9 1 
15032,	0.099,	0.0825388,	9,	11 10 2 1 8 5 3 4 0 9 6 7 
17024,	0.066,	0.0825388,	6,	0 3 11 9 6 5 1 10 8 4 7 2 
18890,	0.087,	0.0825388,	8,	2 3 9 6 4 0 7 5 1 10 8 11 
15864,	0.055,	0.0825388,	5,	1 6 5 11 8 0 3 10 9 4 7 2 
17024,	0.072,	0.0825388,	6,	0 3 11 9 6 5 1 10 8 4 7 2 
12576,	0.092,	0.0825388,	8,	10 4 8 11 7 6 1 5 0 3 9 2 
11418,	0.08,	0.0825388,	7,	6 4 3 1 0 9 2 5 8 10 11 7 
17674,	0.083,	0.0825388,	7,	11 6 10 1 8 4 5 7 2 9 3 0 
12750,	0.097,	0.0825388,	9,	9 4 0 7 6 2 1 10 11 5 8 3 
14990,	0.052,	0.0825388,	5,	3 2 7 1 5 4 10 9 11 6 8 0 
11946,	0.093,	0.0825388,	9,	10 5 1 11 7 3 8 0 2 6 4 9 
11402,	0.156,	0.0825388,	15,	10 5 4 8 11 3 2 6 7 0 9 1 
15420,	0.108,	0.0825388,	9,	3 2 1 8 5 4 11 0 10 6 7 9 
14210,	0.095,	0.0825388,	8,	9 6 10 1 7 0 4 5 8 3 11 2 
10580,	0.107,	0.0825388,	8,	9 6 4 1 7 0 2 10 8 5 11 3 
12062,	0.131,	0.0825388,	11,	6 4 11 1 0 10 8 5 7 3 9 2 
15320,	0.101,	0.0825388,	8,	5 3 8 11 10 2 1 6 0 4 9 7 
14086,	0.076,	0.0825388,	7,	4 10 6 7 9 5 1 0 11 3 8 2 
10214,	0.145,	0.0825388,	13,	6 4 3 9 0 2 1 5 11 10 8 7 
11852,	0.057,	0.0825388,	5,	4 6 11 7 2 9 8 10 0 5 1 3 
17494,	0.067,	0.0825388,	6,	11 10 3 6 1 5 0 2 8 4 7 9 
12314,	0.097,	0.0825388,	9,	6 4 9 1 0 10 7 5 11 3 8 2 
13726,	0.113,	0.0825388,	10,	9 6 10 1 7 0 5 4 8 2 11 3 
18136,	0.057,	0.0825388,	5,	6 0 11 8 4 1 5 10 3 7 2 9 
14990,	0.067,	0.0825388,	6,	3 2 7 1 5 4 10 9 8 6 11 0 
11558,	0.101,	0.0825388,	9,	10 5 8 11 7 3 1 6 2 0 4 9 
10824,	0.125,	0.0825388,	9,	6 4 3 9 0 2 7 5 8 10 1 11 
14296,	0.077,	0.0825388,	6,	4 6 7 9 2 0 8 10 3 11 5 1 
17590,	0.079,	0.0825388,	7,	1 6 3 11 8 4 2 7 10 9 5 0 
15686,	0.077,	0.0825388,	7,	9 6 4 1 7 0 2 5 10 3 11 8 
11556,	0.101,	0.0825388,	10,	4 6 11 9 2 0 1 10 7 5 8 3 
14096,	0.042,	0.0825388,	4,	5 10 9 8 3 11 7 4 1 6 2 0 
11596,	0.072,	0.0825388,	7,	4 6 11 9 2 0 8 5 3 10 1 7 
12284,	0.1,	0.0825388,	10,	9 6 2 1 7 0 3 4 8 10 11 5 
11926,	0.109,	0.0825388,	10,	4 6 10 9 2 0 7 5 8 3 11 1 
11488,	0.087,	0.0825388,	8,	10 4 8 11 5 6 1 7 3 9 2 0 
10688,	0.121,	0.0825388,	11,	10 5 8 11 7 3 1 6 0 4 9 2 
15452,	0.055,	0.0825388,	5,	2 4 7 1 3 6 8 10 0 5 9 11 
16786,	0.112,	0.0825388,	10,	11 10 6 7 8 5 1 4 9 2 0 3 
10688,	0.125,	0.0825388,	11,	10 5 8 11 7 3 1 6 0 4 9 2 
13844,	0.09,	0.0825388,	8,	6 0 3 11 1 9 8 5 4 10 2 7 
16224,	0.047,	0.0825388,	4,	9 7 8 0 6 10 11 5 4 3 2 1 
10804,	0.108,	0.0825388,	10,	6 9 11 1 0 7 8 10 4 5 2 3 
11198,	0.124,	0.0825388,	10,	10 4 7 11 5 2 3 9 8 6 1 0 
12246,	0.088,	0.0825388,	8,	3 5 0 1 2 10 7 6 11 4 8 9 
14730,	0.054,	0.0825388,	5,	11 10 9 1 8 5 7 4 0 2 6 3 
12472,	0.088,	0.0825388,	8,	9 6 8 1 7 0 11 5 3 10 2 4 
12490,	0.086,	0.0825388,	8,	4 10 8 7 2 5 11 6 3 0 1 9 
14658,	0.09,	0.0825388,	7,	4 10 11 2 6 7 8 5 9 3 0 1 
16182,	0.067,	0.0825388,	6,	2 4 1 0 3 10 8 6 5 9 11 7 
14816,	0.088,	0.0825388,	8,	3 2 8 1 0 4 11 5 6 10 9 7 
11838,	0.105,	0.0825388,	9,	6 4 11 1 0 9 8 5 3 10 2 7 
10192,	0.141,	0.0825388,	11,	6 4 3 1 0 2 8 5 9 10 7 11 
10804,	0.102,	0.0825388,	10,	6 9 11 1 0 7 8 10 4 5 2 3 
14796,	0.07,	0.0825388,	7,	6 4 3 8 1 10 2 7 5 9 11 0 
11444,	0.093,	0.0825388,	9,	6 9 3 1 0 7 8 5 4 10 2 11 
20250,	0.031,	0.0825388,	3,	9 4 3 7 6 10 5 8 0 11 2 1 
13352,	0.05,	0.0825388,	5,	4 6 11 7 2 9 1 10 0 5 3 8 
13902,	0.078,	0.0825388,	7,	9 6 8 0 7 4 1 5 10 3 11 2 
15688,	0.063,	0.0825388,	6,	5 3 8 11 10 0 1 6 2 9 4 7 
10096,	0.075,	0.0825388,	7,	10 5 4 11 7 3 2 6 1 0 8 9 
13322,	0.066,	0.0825388,	6,	4 6 11 2 10 0 8 5 9 3 7 1 
17206,	0.083,	0.0825388,	8,	5 3 11 7 8 2 1 10 0 4 9 6 
15332,	0.062,	0.0825388,	6,	5 3 10 1 8 2 11 4 9 6 7 0 
10122,	0.103,	0.0825388,	10,	10 5 0 11 7 3 9 6 1 4 8 2 
11560,	0.072,	0.0825388,	7,	9 6 8 0 7 4 1 5 2 10 3 11 
13238,	0.065,	0.0825388,	6,	9 6 3 1 7 0 5 2 8 4 11 10 
15898,	0.103,	0.0825388,	10,	10 4 0 7 5 6 9 1 3 8 2 11 
14114,	0.061,	0.0825388,	6,	4 10 6 9 2 7 0 3 8 5 1 11 
14056,	0.064,	0.0825388,	6,	3 5 9 8 1 10 7 0 4 6 2 11 
10214,	0.102,	0.0825388,	10,	6 4 3 9 0 2 1 5 11 10 8 7 
16062,	0.07,	0.0825388,	7,	0 3 1 7 9 5 8 6 10 4 11 2 
10214,	0.09,	0.0825388,	9,	6 4 3 9 0 2 1 5 11 10 8 7 
16626,	0.07,	0.0825388,	7,	4 2 5 6 10 3 11 7 1 9 8 0 
14934,	0.1,	0.0825388,	10,	4 10 7 2 6 5 9 8 3 11 0 1 
11556,	0.119,	0.0825388,	12,	4 6 11 9 2 0 1 10 7 5 8 3 
13322,	0.071,	0.0825388,	7,	4 6 11 2 10 0 8 5 9 3 7 1 
14116,	0.09,	0.0825388,	9,	5 10 9 8 11 7 1 4 3 6 2 0 
14946,	0.07,	0.0825388,	7,	7 10 3 0 9 11 5 2 8 4 1 6 
18348,	0.079,	0.0825388,	8,	6 0 9 8 1 3 7 4 5 2 10 11 
10824,	0.079,	0.0825388,	8,	6 4 3 9 0 2 7 5 8 10 1 11 
11838,	0.1,	0.0825388,	10,	6 4 11 1 0 9 8 5 3 10 2 7 
21356,	0.05,	0.0825388,	5,	9 0 4 7 6 3 2 11 5 8 10 1 
10096,	0.159,	0.0825388,	16,	10 5 4 11 7 3 2 6 1 0 8 9 
10624,	0.118,	0.0825388,	12,	9 6 3 0 7 4 2 5 8 10 1 11 
11992,	0.088,	0.0825388,	8,	10 4 3 11 5 6 2 7 1 9 8 0 
11216,	0.092,	0.0825388,	9,	10 4 0 11 5 2 3 6 8 9 1 7 
14288,	0.089,	0.0825388,	8,	6 0 4 1 9 3 2 5 8 10 11 7 
14806,	0.072,	0.0825388,	7,	10 4 6 11 7 2 9 0 8 3 1 5 
14468,	0.09,	0.0825388,	9,	5 3 1 11 10 2 8 0 9 6 7 4 
11326,	0.082,	0.0825388,	8,	4 6 3 9 2 0 1 5 8 10 11 7 
14676,	0.069,	0.0825388,	7,	0 6 7 1 3 9 8 10 5 4 11 2 
14796,	0.05,	0.0825388,	5,	6 4 3 8 1 10 2 7 5 9 11 0 
13002,	0.102,	0.0825388,	10,	6 9 10 1 0 7 5 4 8 2 11 3 
16362,	0.069,	0.0825388,	7,	5 10 9 8 11 4 7 2 6 3 0 1 
11458,	0.09,	0.0825388,	9,	6 9 11 1 0 7 8 5 3 10 2 4 
16582,	0.061,	0.0825388,	6,	5 3 10 8 11 2 4 7 0 9 1 6 
11370,	0.073,	0.0825388,	7,	5 10 9 11 3 7 0 6 8 4 1 2 
20064,	0.062,	0.0825388,	6,	9 7 6 1 0 10 4 8 2 11 3 5 
12284,	0.063,	0.0825388,	6,	9 6 2 1 7 0 3 4 8 10 11 5 
11302,	0.07,	0.0825388,	7,	6 9 8 0 4 7 1 5 3 10 2 11 
16240,	0.083,	0.0825388,	8,	0 6 3 2 1 4 5 9 8 7 11 10 
14876,	0.06,	0.0825388,	6,	5 3 8 11 10 2 1 4 9 6 7 0 
11722,	0.119,	0.0825388,	12,	10 5 7 2 11 3 9 4 1 6 8 0 
9552,	0.108,	0.0825388,	11,	6 4 11 1 0 2 8 10 9 5 7 3 
13316,	0.101,	0.0825388,	10,	9 6 11 0 7 4 2 10 8 5 1 3 
10782,	0.079,	0.0825388,	8,	6 9 3 0 4 7 2 5 8 10 1 11 
12576,	0.079,	0.0825388,	8,	10 4 8 11 7 6 1 5 0 3 9 2 
15408,	0.08,	0.0825388,	8,	4 10 6 7 2 5 9 11 3 8 0 1 
16762,	0.111,	0.0825388,	11,	1 6 7 11 8 0 9 10 3 4 5 2 
14816,	0.08,	0.0825388,	7,	3 2 8 1 0 4 11 5 6 10 9 7 
13844,	0.045,	0.0825388,	4,	3 5 1 8 2 10 11 0 4 9 6 7 
9552,	0.14,	0.0825388,	12,	6 4 11 1 0 2 8 10 9 5 7 3 
12216,	0.104,	0.0825388,	9,	3 5 1 8 2 10 11 0 7 6 9 4 
14400,	0.071,	0.0825388,	6,	6 0 4 8 1 9 7 10 3 5 2 11 
12486,	0.057,	0.0825388,	5,	10 5 0 11 4 3 2 6 1 9 8 7 
11418,	0.175,	0.0825388,	12,	6 4 3 1 0 9 2 5 8 10 11 7 
14304,	0.084,	0.0825388,	7,	11 10 6 1 8 5 0 4 3 9 2 7 
12314,	0.13,	0.0825388,	10,	6 4 9 1 0 10 7 5 11 3 8 2 
10214,	0.09,	0.0825388,	8,	6 4 3 9 0 2 1 5 11 10 8 7 
13242,	0.1,	0.0825388,	8,	0 6 10 1 9 4 7 5 11 3 8 2 
12352,	0.076,	0.0825388,	6,	6 4 11 1 0 2 8 10 3 7 5 9 
18742,	0.094,	0.0825388,	8,	9 4 3 7 6 2 0 8 10 11 5 1 
15282,	0.128,	0.0825388,	11,	0 3 9 1 6 2 7 4 11 10 8 5 
13458,	0.059,	0.0825388,	5,	11 10 9 1 8 5 7 4 3 6 2 0 
13430,	0.136,	0.0825388,	11,	5 3 9 11 10 2 7 4 8 6 1 0 
11780,	0.088,	0.0825388,	7,	6 9 2 1 0 7 3 4 8 10 11 5 
16896,	0.078,	0.0825388,	7,	0 3 8 1 9 5 11 6 10 4 7 2 
13080,	0.19,	0.0825388,	18,	9 6 11 1 7 0 8 10 3 4 5 2 
11670,	0.081,	0.0825388,	8,	10 5 9 8 11 3 7 6 0 4 1 2 
12750,	0.075,	0.0825388,	7,	9 4 0 7 6 2 1 10 11 5 8 3 
17314,	0.061,	0.0825388,	6,	0 3 1 9 6 5 8 11 4 10 2 7 
13982,	0.052,	0.0825388,	5,	6 9 10 1 0 7 11 5 4 3 2 8 
10624,	0.104,	0.0825388,	10,	9 6 3 0 7 4 2 5 8 10 1 11 
11326,	0.073,	0.0825388,	7,	4 6 3 9 2 0 1 5 8 10 11 7 
15404,	0.098,	0.0825388,	10,	9 0 8 7 6 3 1 5 2 10 4 11 
13496,	0.07,	0.0825388,	7,	3 5 4 1 0 10 2 6 11 9 8 7 
12734,	0.05,	0.0825388,	5,	7 10 3 8 9 5 2 0 11 6 1 4 
21434,	0.059,	0.0825388,	6,	5 10 6 2 3 7 4 11 9 8 0 1 
10096,	0.11,	0.0825388,	11,	10 5 4 11 7 3 2 6 1 0 8 9 
10506,	0.109,	0.0825388,	11,	6 4 7 1 0 2 9 10 11 5 8 3 
15976,	0.082,	0.0825388,	8,	6 0 3 11 1 9 5 2 7 4 8 10 
11560,	0.098,	0.0825388,	10,	9 6 8 0 7 4 1 5 2 10 3 11 
13002,	0.071,	0.0825388,	7,	6 9 10 1 0 7 5 4 8 2 11 3 
13372,	0.089,	0.0825388,	9,	10 4 11 7 5 9 8 6 3 0 2 1 
15420,	0.059,	0.0825388,	6,	3 2 1 8 5 4 11 0 10 6 7 9 
11302,	0.09,	0.0825388,	9,	6 9 8 0 4 7 1 5 3 10 2 11 
13034,	0.07,	0.0825388,	7,	3 5 6 1 2 10 0 4 11 9 8 7 
16856,	0.059,	0.0825388,	6,	1 6 9 3 8 0 7 5 2 10 4 11 
14608,	0.061,	0.0825388,	6,	10 4 0 7 5 6 9 2 8 3 11 1 
17614,	0.03,	0.0825388,	3,	10 7 6 8 11 9 1 0 4 3 2 5 
12076,	0.049,	0.0825388,	5,	4 6 3 7 2 9 0 5 1 10 8 11 
17244,	0.079,	0.0825388,	8,	3 5 9 1 2 8 7 4 6 10 0 11 
13164,	0.059,	0.0825388,	6,	0 6 7 1 9 4 2 10 11 5 8 3 
17352,	0.059,	0.0825388,	6,	6 0 7 11 1 9 8 4 5 2 10 3 
13458,	0.08,	0.0825388,	8,	11 10 9 1 8 5 7 4 3 6 2 0 
13458,	0.101,	0.0825388,	10,	11 10 9 1 8 5 7 4 3 6 2 0 
12314,	0.108,	0.0825388,	11,	6 4 9 1 0 10 7 5 11 3 8 2 
14056,	0.071,	0.0825388,	7,	3 5 9 8 1 10 7 0 4 6 2 11 
13298,	0.072,	0.0825388,	7,	3 5 8 1 2 10 11 6 7 4 0 9 
12492,	0.086,	0.0825388,	8,	6 9 5 1 0 7 3 10 8 4 11 2 
20032,	0.034,	0.0825388,	3,	9 4 5 7 6 10 11 8 2 1 3 0 
14266,	0.062,	0.0825388,	6,	9 6 4 1 7 0 2 10 3 11 5 8 
12974,	0.062,	0.0825388,	6,	10 5 7 2 4 3 9 0 8 6 11 1 
15362,	0.094,	0.0825388,	9,	5 3 4 11 10 0 2 6 1 9 8 7 
20548,	0.096,	0.0825388,	9,	6 1 11 0 4 8 5 10 3 7 2 9 
13358,	0.068,	0.0825388,	7,	10 5 4 2 7 3 9 6 8 0 11 1 
11014,	0.079,	0.0825388,	8,	6 9 3 1 0 7 2 5 8 10 11 4 
11646,	0.07,	0.0825388,	7,	5 10 8 11 3 7 1 6 9 4 0 2 
17570,	0.07,	0.0825388,	7,	8 3 7 1 11 5 9 10 0 4 6 2 
18546,	0.079,	0.0825388,	8,	10 7 4 11 5 9 2 8 6 1 0 3 
14720,	0.089,	0.0825388,	9,	3 0 9 1 2 6 7 4 8 10 11 5 
11560,	0.072,	0.0825388,	7,	9 6 8 0 7 4 1 5 2 10 3 11 
14910,	0.088,	0.0825388,	9,	9 6 5 1 7 0 3 10 2 11 4 8 
16762,	0.102,	0.0825388,	10,	1 6 7 11 8 0 9 10 3 4 5 2 
17024,	0.069,	0.0825388,	7,	0 3 11 9 6 5 1 10 8 4 7 2 
12850,	0.089,	0.0825388,	9,	5 10 9 8 3 11 7 0 2 6 4 1 
13244,	0.081,	0.0825388,	8,	4 6 11 7 9 0 1 10 3 5 2 8 
18352,	0.07,	0.0825388,	7,	6 1 2 11 0 8 3 4 7 10 9 5 
12246,	0.109,	0.0825388,	11,	3 5 0 1 2 10 7 6 11 4 8 9 
15924,	0.081,	0.0825388,	8,	2 4 9 11 3 10 7 0 5 6 8 1 
12576,	0.081,	0.0825388,	8,	10 4 8 11 7 6 1 5 0 3 9 2 
13888,	0.042,	0.0825388,	4,	0 6 11 2 1 4 8 10 9 5 7 3 
14272,	0.07,	0.0825388,	7,	10 4 0 11 7 2 1 3 6 5 9 8 
10096,	0.078,	0.0825388,	8,	10 5 4 11 7 3 2 6 1 0 8 9 
13080,	0.111,	0.0825388,	11,	9 6 11 1 7 0 8 10 3 4 5 2 
15110,	0.05,	0.0825388,	5,	0 6 2 7 3 9 11 4 1 10 8 5 
10476,	0.109,	0.0825388,	11,	4 6 7 9 2 0 8 10 1 5 11 3 
11248,	0.069,	0.0825388,	7,	3 5 9 1 2 10 7 4 11 6 8 0 
12392,	0.119,	0.0825388,	12,	5 10 3 8 11 4 2 0 9 6 7 1 
10122,	0.108,	0.0825388,	11,	10 5 0 11 7 3 9 6 1 4 8 2 
15010,	0.049,	0.0825388,	5,	5 3 9 11 10 2 0 6 8 4 1 7 
15280,	0.06,	0.0825388,	6,	5 3 8 11 10 2 1 7 4 9 6 0 
10096,	0.101,	0.0825388,	10,	10 5 4 11 7 3 2 6 1 0 8 9 
12738,	0.079,	0.0825388,	8,	4 9 11 2 6 7 8 10 0 5 1 3 
17726,	0.088,	0.0825388,	9,	5 10 8 7 11 4 1 2 6 3 9 0 
17916,	0.06,	0.0825388,	6,	3 7 10 1 2 9 5 4 8 6 11 0 
15028,	0.052,	0.0825388,	5,	3 0 8 1 5 6 11 10 9 4 7 2 
15496,	0.098,	0.0825388,	10,	9 4 8 0 7 10 11 5 6 3 1 2 
11560,	0.1,	0.0825388,	10,	9 6 8 0 7 4 1 5 2 10 3 11 
12486,	0.11,	0.0825388,	11,	10 5 0 11 4 3 2 6 1 9 8 7 
