13726,	0.343,	0.274801,	32,	69544,	2 5 12 1 14 7 10 6 8 13 0 17 4 11 15 3 16 9 
21064,	0.298,	0.274801,	28,	71458,	4 7 3 0 9 2 6 15 12 8 1 14 17 16 10 5 13 11 
20396,	0.207,	0.274801,	16,	53544,	12 15 7 1 4 3 10 16 2 13 8 5 0 17 14 6 9 11 
20304,	0.433,	0.274801,	44,	97084,	1 6 3 0 9 2 16 4 12 11 13 15 7 5 10 8 17 14 
16484,	0.248,	0.274801,	37,	91456,	7 13 8 12 4 14 2 15 5 10 0 17 1 16 6 3 11 9 
21024,	0.34,	0.274801,	25,	88258,	2 5 3 12 4 9 15 17 14 7 10 8 0 13 1 6 16 11 
19550,	0.431,	0.274801,	33,	65272,	7 4 9 15 3 14 12 0 5 13 6 17 2 8 11 1 16 10 
17922,	0.459,	0.274801,	40,	78638,	0 6 16 17 15 8 5 10 7 11 1 4 13 14 2 3 12 9 
21814,	0.223,	0.274801,	29,	93030,	8 4 14 6 17 9 11 7 3 10 12 13 1 16 15 2 0 5 
18624,	0.231,	0.274801,	25,	101472,	1 15 2 3 5 12 13 9 7 11 14 4 6 10 8 0 17 16 
22852,	0.338,	0.274801,	27,	64150,	8 14 17 0 5 10 16 15 13 11 12 4 2 3 7 1 9 6 
15940,	0.263,	0.274801,	13,	56020,	0 6 15 14 16 1 8 12 2 11 7 3 5 9 4 17 13 10 
23634,	0.161,	0.274801,	17,	63310,	14 9 0 8 16 4 7 6 3 12 1 13 2 15 10 5 17 11 
16368,	0.395,	0.274801,	34,	81284,	5 17 11 8 16 6 7 14 0 13 9 15 1 10 3 2 4 12 
12432,	0.395,	0.274801,	35,	74504,	1 10 5 15 17 2 12 16 3 13 0 9 4 14 6 7 11 8 
17282,	0.196,	0.274801,	26,	103348,	7 8 4 3 13 1 9 17 15 14 5 12 16 11 2 0 10 6 
17648,	0.375,	0.274801,	29,	75966,	7 4 12 8 15 6 17 14 0 13 9 16 11 10 3 5 1 2 
16012,	0.385,	0.274801,	43,	91576,	4 7 3 17 9 1 5 10 0 8 2 15 6 13 12 11 14 16 
18942,	0.32,	0.274801,	28,	75282,	9 3 14 4 5 0 8 13 15 17 2 16 1 10 12 6 7 11 
19534,	0.272,	0.274801,	19,	58506,	8 4 16 9 1 15 3 14 12 13 5 7 6 17 2 0 10 11 
19370,	0.233,	0.274801,	24,	72360,	15 12 1 7 10 3 4 8 2 9 6 13 5 17 0 11 14 16 
20362,	0.285,	0.274801,	35,	86674,	7 13 8 12 4 17 15 14 6 16 9 0 11 10 3 5 1 2 
18324,	0.262,	0.274801,	32,	62924,	11 6 5 12 1 15 2 7 0 10 4 16 14 13 3 8 9 17 
21060,	0.215,	0.274801,	28,	98164,	5 2 17 14 10 8 9 0 7 13 6 4 11 12 1 16 3 15 
19112,	0.418,	0.274801,	36,	72882,	0 16 6 2 11 17 5 8 10 14 7 13 1 4 12 3 15 9 
17266,	0.279,	0.274801,	34,	77406,	3 9 12 7 14 15 4 17 0 13 5 16 11 8 2 6 10 1 
17498,	0.408,	0.274801,	31,	78184,	17 8 5 10 11 3 1 13 4 14 2 7 6 9 12 0 15 16 
16930,	0.288,	0.274801,	34,	78460,	8 4 14 7 9 5 13 6 2 17 0 3 1 10 15 16 12 11 
19148,	0.276,	0.274801,	28,	68738,	7 4 17 1 10 8 3 6 14 16 0 9 5 11 15 2 12 13 
15666,	0.352,	0.274801,	36,	106948,	0 15 6 11 17 12 16 5 7 13 2 4 8 10 3 14 1 9 
18940,	0.282,	0.274801,	28,	85486,	3 9 2 7 13 16 4 12 0 14 5 6 15 11 17 1 8 10 
14588,	0.341,	0.274801,	35,	82848,	2 10 12 9 5 15 3 14 0 13 8 16 11 17 7 6 4 1 
16754,	0.175,	0.274801,	25,	66868,	7 4 8 12 17 14 2 15 0 9 1 16 6 3 10 11 13 5 
16136,	0.338,	0.274801,	33,	83710,	9 14 3 7 13 1 4 8 15 10 6 16 12 17 0 2 11 5 
14768,	0.222,	0.274801,	21,	65392,	7 4 17 14 5 6 8 12 1 11 2 10 15 13 3 0 9 16 
21784,	0.254,	0.274801,	27,	78974,	1 15 3 0 9 2 6 16 12 11 10 14 7 13 17 4 5 8 
19074,	0.319,	0.274801,	22,	52688,	7 4 12 9 15 14 3 10 5 8 1 17 11 16 2 0 13 6 
17282,	0.412,	0.274801,	40,	79002,	3 9 2 7 13 5 4 10 17 11 1 8 6 14 15 0 12 16 
21000,	0.164,	0.274801,	31,	85878,	1 15 6 12 9 11 2 7 0 5 4 16 14 3 13 8 10 17 
18302,	0.311,	0.274801,	25,	62572,	3 9 5 10 11 14 1 13 12 16 7 2 15 4 8 0 17 6 
17424,	0.263,	0.274801,	25,	66232,	11 6 5 16 17 1 0 8 15 14 7 12 10 9 4 2 13 3 
20106,	0.377,	0.274801,	36,	85658,	3 4 9 7 17 14 8 6 12 13 0 15 5 11 16 2 1 10 
17758,	0.226,	0.274801,	20,	63632,	1 10 5 0 11 2 15 6 3 13 17 9 4 16 8 7 14 12 
17126,	0.233,	0.274801,	37,	97264,	6 11 1 2 16 10 3 12 17 9 15 5 8 13 0 7 14 4 
24546,	0.241,	0.274801,	18,	59676,	9 3 10 6 17 0 11 1 4 16 2 13 7 5 12 8 15 14 
16822,	0.329,	0.274801,	33,	65246,	15 12 0 16 6 11 1 8 5 14 7 17 3 9 4 2 13 10 
22338,	0.223,	0.274801,	18,	55946,	13 7 2 4 10 1 8 0 3 17 15 9 5 16 12 11 14 6 
16206,	0.18,	0.274801,	26,	92288,	0 11 16 7 8 15 4 12 1 13 2 6 3 10 5 9 17 14 
20704,	0.268,	0.274801,	25,	95142,	3 9 5 12 14 1 15 17 2 16 6 10 13 8 0 7 11 4 
19252,	0.22,	0.274801,	20,	70992,	8 7 17 14 5 6 9 10 0 11 13 16 15 4 2 1 12 3 
17566,	0.33,	0.274801,	34,	88010,	11 6 5 8 17 2 7 14 1 13 9 10 15 12 3 0 4 16 
17828,	0.321,	0.274801,	26,	90360,	2 1 5 12 11 17 15 14 8 13 9 7 6 10 3 0 4 16 
23576,	0.202,	0.274801,	24,	62770,	0 15 16 9 11 10 3 7 13 1 8 4 2 14 17 12 6 5 
18988,	0.258,	0.274801,	21,	59974,	15 12 0 14 6 11 9 4 5 16 7 2 3 13 8 1 17 10 
18602,	0.349,	0.274801,	30,	81696,	6 1 0 7 11 16 8 13 15 17 4 12 5 14 3 2 9 10 
16356,	0.372,	0.274801,	40,	85964,	0 16 6 12 11 8 2 15 7 14 1 4 13 5 10 3 17 9 
15408,	0.248,	0.274801,	28,	72394,	0 11 6 3 17 1 9 13 2 10 4 5 12 14 7 15 8 16 
21950,	0.434,	0.274801,	30,	67702,	11 5 0 7 16 6 12 9 1 17 3 15 14 13 2 8 10 4 
14978,	0.247,	0.274801,	37,	82164,	2 12 1 3 10 6 9 4 17 11 7 5 15 13 8 0 14 16 
22096,	0.365,	0.274801,	36,	90006,	3 9 5 1 14 17 6 16 10 8 0 13 2 4 11 12 7 15 
19198,	0.282,	0.274801,	25,	60618,	4 8 7 3 13 12 2 1 15 9 0 16 17 10 6 5 11 14 
19296,	0.269,	0.274801,	37,	73616,	0 16 6 8 11 1 4 15 3 17 12 9 5 14 7 2 13 10 
19386,	0.148,	0.274801,	26,	76096,	5 11 10 3 13 17 9 2 8 4 12 7 6 14 15 0 1 16 
16644,	0.306,	0.274801,	34,	77512,	14 9 17 1 6 8 10 3 7 16 2 4 12 13 5 15 11 0 
20204,	0.358,	0.274801,	40,	75566,	17 6 8 14 7 4 9 11 3 10 0 13 5 16 15 2 1 12 
21136,	0.157,	0.274801,	22,	76592,	15 16 12 10 14 5 1 13 11 17 2 0 6 9 3 8 4 7 
16164,	0.298,	0.274801,	35,	76704,	1 3 6 17 11 16 5 8 0 14 7 15 10 9 4 2 13 12 
17652,	0.344,	0.274801,	33,	65866,	0 15 6 17 11 12 5 10 7 13 1 4 8 16 2 14 3 9 
18364,	0.239,	0.274801,	29,	82366,	17 6 5 13 14 11 2 4 0 10 7 15 1 12 8 3 16 9 
19252,	0.207,	0.274801,	19,	64168,	5 17 12 15 2 7 16 0 8 10 11 14 4 13 6 3 1 9 
16416,	0.454,	0.274801,	35,	70556,	1 10 6 14 17 11 5 8 0 16 4 15 2 13 7 3 12 9 
19806,	0.29,	0.274801,	17,	38314,	17 6 8 15 4 16 1 12 0 9 2 11 10 3 5 13 14 7 
19420,	0.28,	0.274801,	28,	71692,	5 17 3 8 9 2 4 6 12 14 0 7 1 11 15 10 16 13 
15558,	0.195,	0.274801,	20,	89054,	1 15 10 8 17 13 14 16 4 9 0 7 3 12 6 2 11 5 
22992,	0.258,	0.274801,	37,	76076,	17 5 10 6 1 14 0 9 8 11 3 7 2 16 4 12 13 15 
18804,	0.217,	0.274801,	25,	85780,	7 4 8 2 14 6 12 13 1 11 10 3 15 9 17 0 5 16 
18116,	0.208,	0.274801,	25,	74766,	1 10 2 3 13 12 9 17 7 8 5 4 6 14 11 0 16 15 
19074,	0.177,	0.274801,	29,	73484,	1 10 3 16 9 2 15 6 5 12 0 17 14 4 11 8 13 7 
16290,	0.313,	0.274801,	20,	61276,	2 10 12 3 15 7 9 1 8 13 6 4 14 11 0 5 16 17 
14888,	0.286,	0.274801,	27,	69100,	8 14 7 11 13 4 6 5 3 17 2 9 1 10 12 0 15 16 
17028,	0.153,	0.274801,	30,	86610,	11 6 5 0 17 1 15 14 10 12 8 13 2 16 7 3 4 9 
18270,	0.261,	0.274801,	25,	67344,	0 16 15 7 1 12 4 11 2 14 6 5 13 8 17 3 10 9 
15502,	0.251,	0.274801,	23,	82532,	8 4 7 17 9 13 5 15 2 14 0 12 3 16 6 1 11 10 
15864,	0.215,	0.274801,	17,	69416,	6 11 1 17 10 15 5 8 0 9 4 16 2 3 7 12 13 14 
21814,	0.216,	0.274801,	30,	81264,	11 6 16 14 10 0 9 8 15 13 4 12 1 7 3 5 2 17 
17372,	0.235,	0.274801,	26,	66718,	4 13 3 1 9 12 10 6 7 14 0 8 17 11 15 5 16 2 
20362,	0.274,	0.274801,	33,	71118,	6 0 1 8 15 2 14 7 10 12 4 13 17 16 3 5 9 11 
17140,	0.266,	0.274801,	31,	60880,	0 16 6 4 11 17 13 3 8 9 2 14 7 5 1 12 10 15 
17500,	0.32,	0.274801,	28,	75300,	2 13 12 5 15 7 17 10 8 14 1 4 6 16 3 0 9 11 
19572,	0.273,	0.274801,	28,	60200,	3 9 1 4 6 16 7 13 15 11 10 0 12 17 2 14 5 8 
13882,	0.279,	0.274801,	25,	78220,	7 4 8 10 14 16 1 13 0 17 2 15 6 12 3 11 9 5 
16622,	0.235,	0.274801,	27,	62496,	5 14 2 15 13 3 12 16 4 9 0 7 8 1 6 17 11 10 
20970,	0.171,	0.274801,	27,	81956,	0 6 16 10 15 8 17 1 14 11 3 9 4 5 2 7 12 13 
18234,	0.482,	0.274801,	34,	84764,	15 12 0 8 16 6 7 14 1 11 9 10 2 13 3 5 4 17 
15700,	0.263,	0.274801,	19,	68248,	5 17 15 2 12 16 3 13 0 9 7 11 6 4 8 1 14 10 
18984,	0.252,	0.274801,	20,	72982,	10 13 15 3 12 1 9 4 6 16 7 0 17 11 8 5 14 2 
15330,	0.241,	0.274801,	27,	67006,	0 16 6 1 11 8 15 3 7 9 2 4 13 5 12 10 14 17 
20806,	0.288,	0.274801,	28,	78100,	0 15 6 2 11 17 12 3 8 4 1 7 9 16 10 14 13 5 
21452,	0.313,	0.274801,	20,	59358,	7 4 13 5 10 16 17 2 0 11 12 6 8 3 15 14 1 9 
18182,	0.352,	0.274801,	33,	81564,	6 11 8 10 14 4 13 1 7 17 3 12 15 9 2 0 5 16 
15572,	0.242,	0.274801,	34,	85730,	6 11 17 0 5 14 16 1 8 13 2 7 4 10 12 3 15 9 
14664,	0.276,	0.274801,	27,	77210,	4 7 3 8 9 5 17 16 2 13 0 10 12 14 6 15 11 1 
15406,	0.473,	0.274801,	35,	80686,	0 6 15 16 1 12 11 3 7 13 2 4 8 10 5 14 17 9 
20658,	0.346,	0.274801,	20,	78500,	12 15 7 17 4 13 6 8 2 10 14 3 1 9 5 0 11 16 
19646,	0.363,	0.274801,	37,	73626,	15 12 16 1 11 0 10 2 6 13 3 17 8 9 4 14 7 5 
19048,	0.237,	0.274801,	23,	79356,	7 13 8 3 4 14 2 16 5 9 0 17 1 10 6 15 11 12 
21718,	0.186,	0.274801,	23,	92288,	3 9 2 1 5 7 10 14 12 11 8 15 6 17 4 0 13 16 
19922,	0.139,	0.274801,	16,	64516,	7 13 4 14 3 6 8 12 0 9 15 11 1 17 16 2 10 5 
20034,	0.224,	0.274801,	15,	66498,	0 11 15 10 16 12 13 9 2 17 3 5 14 4 1 8 6 7 
23346,	0.217,	0.274801,	23,	85330,	0 6 15 16 12 14 11 3 8 9 1 7 4 5 10 13 17 2 
21012,	0.333,	0.274801,	31,	70198,	7 4 12 9 16 15 3 10 0 8 1 11 2 13 6 5 17 14 
18080,	0.268,	0.274801,	32,	74384,	15 0 12 10 2 7 13 1 8 5 6 14 4 17 11 3 16 9 
21794,	0.273,	0.274801,	28,	90764,	7 4 10 17 1 16 5 6 0 11 8 15 2 13 14 3 12 9 
17972,	0.263,	0.274801,	24,	74348,	17 5 6 15 11 1 0 12 3 16 7 2 9 10 4 14 13 8 
22042,	0.208,	0.274801,	16,	55960,	8 4 7 17 12 11 5 6 0 9 1 15 16 14 2 10 3 13 
19428,	0.309,	0.274801,	36,	85188,	1 15 10 4 13 16 7 14 0 9 5 6 12 11 17 2 8 3 
17212,	0.278,	0.274801,	35,	93164,	15 12 1 14 10 3 9 4 2 11 7 5 16 13 8 0 17 6 
18532,	0.284,	0.274801,	36,	78522,	2 5 3 14 13 4 9 0 7 10 15 8 17 12 16 6 1 11 
21076,	0.19,	0.274801,	26,	84484,	15 16 12 0 7 2 6 1 10 11 3 17 13 5 9 4 14 8 
17352,	0.175,	0.274801,	23,	85996,	5 2 14 6 9 8 17 11 7 13 0 4 10 16 15 1 12 3 
19066,	0.14,	0.274801,	26,	88326,	14 9 10 17 1 13 8 12 4 11 15 7 3 16 0 2 6 5 
20882,	0.194,	0.274801,	21,	80558,	6 17 11 9 0 5 3 10 2 14 1 13 8 16 15 7 12 4 
14934,	0.313,	0.274801,	38,	77720,	2 3 1 14 10 16 9 8 15 5 7 12 0 17 4 6 13 11 
19548,	0.255,	0.274801,	20,	63536,	0 16 6 3 11 1 9 2 10 14 12 13 5 15 7 17 4 8 
13980,	0.356,	0.274801,	31,	94022,	0 16 15 6 1 12 11 17 2 10 8 5 13 14 7 3 4 9 
19984,	0.258,	0.274801,	25,	76834,	0 16 15 6 1 12 11 17 7 10 14 4 3 9 8 2 13 5 
16854,	0.232,	0.274801,	34,	95120,	0 16 14 6 9 10 11 8 1 17 4 15 3 13 7 2 12 5 
20820,	0.292,	0.274801,	23,	78796,	8 4 16 1 15 0 10 2 6 17 3 11 12 5 9 7 14 13 
16852,	0.18,	0.274801,	23,	97470,	7 13 12 8 15 5 4 16 2 17 0 10 3 1 6 9 11 14 
20196,	0.255,	0.274801,	35,	73330,	6 11 7 1 13 8 10 16 14 17 15 9 5 12 0 2 4 3 
20320,	0.15,	0.274801,	18,	61302,	16 11 3 10 9 2 13 1 5 4 15 17 14 12 0 8 6 7 
17416,	0.311,	0.274801,	30,	67416,	2 12 5 0 14 17 15 1 6 16 10 11 8 9 13 7 3 4 
19250,	0.284,	0.274801,	35,	91684,	15 12 1 17 10 3 5 6 2 9 0 13 14 4 16 8 11 7 
18028,	0.281,	0.274801,	25,	87616,	12 15 2 17 10 13 8 6 7 14 11 4 9 5 0 3 16 1 
20970,	0.195,	0.274801,	18,	63292,	12 2 14 0 9 3 16 15 4 17 1 7 8 5 10 6 13 11 
22432,	0.224,	0.274801,	21,	73016,	8 14 16 17 0 15 6 9 1 11 3 10 13 5 2 7 12 4 
16498,	0.208,	0.274801,	18,	76008,	3 9 2 1 13 8 10 15 7 14 0 4 12 16 6 5 11 17 
24982,	0.264,	0.274801,	21,	73416,	7 8 10 14 2 13 9 6 4 17 0 3 16 1 11 15 5 12 
22448,	0.292,	0.274801,	29,	89076,	6 11 12 7 15 14 8 4 5 16 3 17 10 9 2 1 13 0 
22246,	0.167,	0.274801,	19,	70550,	3 9 1 8 10 15 4 14 12 11 17 7 6 13 5 0 2 16 
22512,	0.195,	0.274801,	23,	73726,	3 9 5 4 17 11 8 13 6 16 2 0 7 10 1 12 15 14 
13560,	0.244,	0.274801,	31,	62604,	6 11 1 17 10 15 5 12 0 14 2 16 4 13 3 7 9 8 
20354,	0.215,	0.274801,	16,	60684,	9 3 8 6 14 7 11 17 4 10 5 13 16 1 2 0 12 15 
18792,	0.307,	0.274801,	22,	59278,	17 5 3 6 9 2 11 4 0 13 7 16 15 12 8 1 14 10 
21326,	0.29,	0.274801,	25,	78778,	12 15 14 6 9 5 0 17 2 11 7 10 1 13 8 3 16 4 
21574,	0.147,	0.274801,	33,	83588,	16 0 8 15 17 14 12 10 9 11 1 3 7 6 2 4 5 13 
16198,	0.44,	0.274801,	37,	70650,	4 13 7 1 9 8 10 15 17 14 0 5 3 16 6 2 11 12 
16816,	0.256,	0.274801,	27,	102712,	4 3 7 14 8 6 9 5 0 11 2 16 1 13 12 10 15 17 
16618,	0.278,	0.274801,	38,	84964,	2 5 12 8 15 6 14 4 0 11 7 16 1 17 13 3 10 9 
20682,	0.277,	0.274801,	26,	65790,	8 17 14 2 9 3 5 16 4 13 0 7 6 11 15 1 12 10 
23640,	0.202,	0.274801,	22,	74344,	0 6 14 1 9 3 10 12 2 4 15 13 5 7 16 17 11 8 
18846,	0.314,	0.274801,	31,	79874,	1 10 2 0 12 13 15 14 3 16 8 9 5 17 7 11 4 6 
20008,	0.336,	0.274801,	33,	80266,	0 15 11 14 6 5 9 10 3 17 1 13 4 16 2 7 12 8 
17558,	0.259,	0.274801,	26,	71072,	12 15 14 7 8 17 4 6 5 13 0 11 2 10 16 3 1 9 
16122,	0.167,	0.274801,	35,	92978,	5 17 3 14 1 4 9 15 7 13 0 8 12 16 6 2 11 10 
22664,	0.343,	0.274801,	31,	85032,	2 12 3 4 9 5 7 1 11 13 15 6 14 10 0 8 16 17 
16254,	0.212,	0.274801,	28,	87786,	1 10 3 0 9 4 6 11 8 16 5 14 7 17 2 12 13 15 
23796,	0.233,	0.274801,	24,	78784,	12 15 14 0 9 17 11 6 5 1 8 2 3 16 7 4 10 13 
15166,	0.232,	0.274801,	24,	73974,	2 3 12 16 14 15 1 8 0 10 7 11 6 9 4 17 13 5 
18640,	0.268,	0.274801,	40,	87650,	3 9 1 2 10 16 13 5 11 4 17 6 0 14 8 15 7 12 
18000,	0.228,	0.274801,	20,	53162,	6 11 8 1 4 7 10 3 12 13 9 2 15 17 14 0 5 16 
19042,	0.383,	0.274801,	32,	66788,	7 13 8 2 4 14 3 12 17 9 15 5 6 16 0 1 11 10 
21562,	0.165,	0.274801,	31,	85562,	3 13 9 12 14 10 15 7 1 11 4 0 2 6 8 5 16 17 
16502,	0.303,	0.274801,	33,	80960,	7 4 17 8 5 3 14 6 2 9 11 12 1 16 0 10 15 13 
19134,	0.298,	0.274801,	32,	90116,	2 12 3 7 13 9 4 11 14 5 6 8 10 17 0 1 16 15 
22532,	0.338,	0.274801,	33,	65650,	6 11 8 2 17 14 5 1 12 9 15 7 3 10 0 4 16 13 
20212,	0.171,	0.274801,	24,	82930,	10 1 9 7 14 3 4 8 2 13 17 12 5 15 6 11 16 0 
20398,	0.211,	0.274801,	22,	62576,	0 11 6 12 17 4 2 15 7 5 16 13 8 10 1 14 3 9 
17988,	0.46,	0.274801,	35,	71598,	8 7 6 3 17 11 9 5 0 4 2 15 1 16 12 10 14 13 
19158,	0.334,	0.274801,	29,	82998,	12 2 7 1 4 17 10 15 5 13 0 11 14 16 6 9 8 3 
18656,	0.377,	0.274801,	33,	74834,	8 14 6 3 11 16 9 4 0 5 7 15 1 17 12 10 2 13 
21504,	0.335,	0.274801,	31,	80530,	12 15 5 6 11 2 0 17 3 16 7 1 9 10 4 14 13 8 
15560,	0.218,	0.274801,	25,	76794,	10 13 1 3 15 6 2 4 0 9 8 16 11 14 7 5 12 17 
15438,	0.35,	0.274801,	24,	49742,	3 9 2 12 13 10 15 6 17 14 0 5 8 11 16 7 1 4 
15888,	0.276,	0.274801,	36,	90446,	7 12 4 15 13 8 1 16 17 9 0 10 5 14 6 2 11 3 
15516,	0.276,	0.274801,	30,	60032,	14 9 17 11 10 8 6 16 4 13 0 7 3 1 15 2 12 5 
18936,	0.26,	0.274801,	25,	87240,	12 2 6 5 11 16 17 14 0 13 9 15 4 10 3 7 1 8 
20906,	0.155,	0.274801,	23,	83744,	11 0 7 3 4 8 9 2 17 13 12 5 6 14 15 1 16 10 
14604,	0.285,	0.274801,	23,	95164,	1 10 3 5 9 4 14 11 7 15 0 8 12 16 6 2 17 13 
22356,	0.302,	0.274801,	26,	84954,	9 14 3 0 5 2 16 15 13 11 12 4 10 17 7 1 8 6 
16294,	0.466,	0.274801,	40,	95526,	2 3 12 1 15 14 10 16 17 13 0 5 8 9 6 7 11 4 
18220,	0.135,	0.274801,	21,	72126,	1 10 6 7 11 16 12 13 0 9 4 15 2 3 8 5 14 17 
19952,	0.269,	0.274801,	33,	87690,	1 10 6 17 11 8 5 7 4 9 12 3 0 14 2 15 13 16 
18520,	0.218,	0.274801,	20,	66566,	3 9 16 0 11 15 6 4 1 17 7 10 5 13 8 2 14 12 
17200,	0.225,	0.274801,	22,	97168,	7 12 8 14 4 6 9 17 1 13 5 10 15 11 2 0 3 16 
23498,	0.197,	0.274801,	21,	80348,	6 11 12 1 17 15 10 3 16 4 2 0 8 5 13 14 7 9 
20372,	0.306,	0.274801,	22,	66070,	5 11 3 12 9 4 2 15 7 13 0 8 10 16 6 17 1 14 
21406,	0.234,	0.274801,	23,	85048,	8 7 16 14 11 0 9 4 6 10 3 17 12 13 1 2 15 5 
17046,	0.242,	0.274801,	30,	83950,	15 12 16 4 1 0 13 3 6 9 2 11 17 10 5 8 14 7 
18410,	0.213,	0.274801,	28,	88224,	10 17 1 7 15 5 8 13 2 16 4 12 0 14 3 6 9 11 
17512,	0.393,	0.274801,	28,	43338,	14 9 8 1 6 4 10 3 7 16 2 12 11 13 5 0 17 15 
18898,	0.126,	0.274801,	18,	84462,	10 17 1 13 6 16 4 2 15 11 3 0 12 5 9 7 14 8 
18876,	0.166,	0.274801,	27,	76712,	8 4 7 15 13 10 1 16 2 17 0 3 12 6 11 14 5 9 
19074,	0.235,	0.274801,	24,	56690,	15 12 1 5 16 3 2 14 4 13 8 7 6 9 17 0 10 11 
17800,	0.331,	0.274801,	33,	68856,	7 4 8 17 14 9 6 5 3 10 2 1 16 13 12 0 15 11 
14226,	0.344,	0.274801,	27,	77572,	3 9 4 15 13 7 16 12 8 1 2 14 6 10 5 0 17 11 
14524,	0.528,	0.274801,	34,	80324,	2 12 5 9 17 11 14 3 6 10 4 1 0 13 7 15 8 16 
18868,	0.34,	0.274801,	36,	113676,	0 16 14 15 9 17 12 8 6 5 7 11 1 10 4 2 13 3 
22610,	0.274,	0.274801,	16,	60376,	14 9 5 10 11 3 13 16 2 7 0 12 8 4 15 17 1 6 
15846,	0.185,	0.274801,	26,	82656,	0 6 16 1 11 13 15 10 3 14 2 9 4 12 5 7 17 8 
20708,	0.334,	0.274801,	33,	71452,	3 9 4 17 7 11 8 15 6 13 0 1 12 14 16 2 10 5 
23874,	0.321,	0.274801,	26,	75888,	0 16 6 3 7 1 9 13 5 4 10 11 2 14 17 12 8 15 
16720,	0.251,	0.274801,	26,	73736,	7 4 8 3 14 6 9 1 11 17 10 5 0 13 2 15 12 16 
21150,	0.198,	0.274801,	24,	84314,	16 11 10 0 14 13 6 2 7 12 3 4 8 9 1 17 15 5 
16116,	0.429,	0.274801,	32,	57332,	2 12 3 0 9 4 16 11 7 13 5 8 10 14 17 1 6 15 
17702,	0.285,	0.274801,	25,	63232,	0 15 14 17 8 12 5 10 2 9 1 3 13 16 6 7 11 4 
18762,	0.281,	0.274801,	34,	76498,	2 3 12 8 14 5 7 4 11 9 13 6 16 17 10 0 1 15 
18988,	0.275,	0.274801,	33,	92886,	15 12 16 1 10 8 3 6 7 9 11 4 13 17 0 2 14 5 
17282,	0.264,	0.274801,	29,	87590,	5 11 2 7 12 3 4 17 1 13 8 10 15 16 14 0 9 6 
19494,	0.282,	0.274801,	27,	66644,	3 13 9 4 8 14 7 6 5 12 0 17 2 11 15 1 16 10 
21560,	0.188,	0.274801,	20,	56698,	17 5 10 16 1 2 15 8 12 13 14 7 6 4 9 0 3 11 
24098,	0.313,	0.274801,	33,	97122,	8 4 6 3 11 17 2 9 10 13 14 1 16 5 12 0 7 15 
19286,	0.255,	0.274801,	34,	88788,	15 12 1 3 16 6 9 2 0 5 10 11 14 17 13 8 4 7 
21658,	0.32,	0.274801,	32,	94314,	10 13 16 3 11 15 9 1 0 4 5 6 2 14 17 12 8 7 
25500,	0.191,	0.274801,	26,	85568,	8 7 16 2 11 0 5 12 1 9 6 15 3 14 17 4 10 13 
19512,	0.23,	0.274801,	27,	80256,	14 9 8 10 6 4 13 1 7 11 3 12 15 17 2 0 5 16 
22340,	0.243,	0.274801,	21,	77426,	3 9 2 0 5 13 15 14 10 11 8 1 4 16 17 7 6 12 
18520,	0.44,	0.274801,	38,	83006,	14 9 8 2 4 7 5 3 12 17 1 15 6 16 10 0 13 11 
14018,	0.262,	0.274801,	23,	81550,	6 11 0 3 16 15 9 4 1 13 7 10 2 12 8 5 14 17 
19496,	0.185,	0.274801,	17,	84486,	8 4 14 7 9 12 13 11 15 16 6 0 5 17 1 2 10 3 
16938,	0.27,	0.274801,	25,	48922,	4 7 13 3 10 16 9 5 0 11 2 15 6 1 12 17 14 8 
17272,	0.337,	0.274801,	34,	63076,	13 3 7 11 12 4 6 16 8 9 0 14 17 10 15 5 1 2 
16020,	0.277,	0.274801,	28,	72810,	8 14 7 15 4 13 16 12 10 17 2 1 0 5 3 6 9 11 
18530,	0.23,	0.274801,	31,	83456,	7 4 12 8 14 15 17 9 0 11 3 16 10 13 1 2 6 5 
23528,	0.178,	0.274801,	27,	106052,	4 3 7 8 13 10 17 15 2 1 12 5 0 16 14 6 9 11 
15740,	0.273,	0.274801,	37,	103110,	10 13 1 17 15 6 5 8 0 11 7 16 2 12 4 3 14 9 
20140,	0.304,	0.274801,	25,	70596,	4 7 14 3 9 8 2 13 6 5 10 11 0 17 1 15 16 12 
21118,	0.374,	0.274801,	34,	86150,	12 15 2 7 13 3 4 8 1 9 6 10 14 11 0 5 16 17 
22590,	0.25,	0.274801,	34,	74518,	7 4 8 0 14 16 15 1 11 12 10 6 2 9 13 5 3 17 
17348,	0.3,	0.274801,	22,	83278,	13 10 3 7 9 1 4 15 2 8 0 12 5 14 6 11 17 16 
15456,	0.291,	0.274801,	40,	99028,	12 15 14 5 9 8 2 11 4 13 0 7 3 16 6 1 17 10 
25812,	0.239,	0.274801,	28,	82556,	15 12 16 17 11 0 5 9 4 6 3 8 7 14 1 13 10 2 
15744,	0.369,	0.274801,	32,	82770,	3 9 13 5 10 4 17 1 7 11 2 8 6 14 12 0 15 16 
20608,	0.344,	0.274801,	26,	76748,	2 12 5 0 1 8 15 14 7 16 9 4 17 10 3 6 13 11 
23334,	0.189,	0.274801,	31,	82024,	12 2 7 5 9 6 17 11 0 14 16 15 1 3 8 10 4 13 
22560,	0.259,	0.274801,	19,	61670,	8 7 14 2 9 17 5 12 10 11 15 13 16 4 0 1 6 3 
20650,	0.115,	0.274801,	19,	85314,	0 6 16 8 11 15 4 17 1 9 5 10 3 14 12 2 7 13 
16334,	0.382,	0.274801,	37,	70380,	1 10 6 8 11 16 14 7 0 12 4 15 2 13 3 5 9 17 
19940,	0.285,	0.274801,	32,	68252,	7 8 4 15 13 6 16 12 0 10 14 11 1 9 5 2 17 3 
19142,	0.337,	0.274801,	32,	67774,	14 9 0 17 6 15 8 12 1 16 2 10 3 13 5 4 11 7 
18700,	0.263,	0.274801,	31,	77332,	7 4 10 5 1 16 11 3 0 9 2 15 6 13 12 17 14 8 
18702,	0.149,	0.274801,	24,	68582,	9 3 7 6 17 12 11 0 2 14 15 5 13 16 1 4 10 8 
15694,	0.351,	0.274801,	36,	69244,	1 6 5 0 17 2 11 16 3 13 15 9 4 10 12 7 14 8 
19162,	0.253,	0.274801,	22,	61470,	11 5 16 7 15 8 4 12 14 17 2 9 0 10 3 6 13 1 
19842,	0.295,	0.274801,	23,	62652,	5 17 3 7 9 2 8 11 13 14 0 4 10 16 15 1 12 6 
18640,	0.221,	0.274801,	24,	78916,	4 7 3 12 9 1 15 14 0 13 5 16 6 11 2 17 10 8 
21184,	0.214,	0.274801,	28,	99730,	1 6 5 3 11 14 9 2 8 4 12 7 17 16 15 10 0 13 
18704,	0.323,	0.274801,	36,	87682,	1 10 0 6 16 15 11 8 12 17 4 2 5 3 7 14 13 9 
23944,	0.269,	0.274801,	27,	93432,	1 2 15 4 16 0 3 8 6 17 14 11 12 5 9 7 10 13 
22016,	0.169,	0.274801,	19,	84736,	5 2 17 3 6 8 9 11 4 14 16 7 0 13 1 15 10 12 
17946,	0.188,	0.274801,	27,	89022,	8 7 6 3 17 11 9 1 0 14 10 16 15 5 13 12 4 2 
13956,	0.34,	0.274801,	41,	100720,	7 4 8 14 17 6 9 12 0 11 2 16 15 5 3 1 13 10 
23512,	0.185,	0.274801,	19,	60920,	2 12 0 7 15 11 4 6 5 9 1 17 14 3 10 8 13 16 
20614,	0.238,	0.274801,	20,	62064,	3 9 1 17 6 5 8 10 12 14 13 2 15 11 7 0 4 16 
17768,	0.374,	0.274801,	28,	63744,	0 15 11 14 6 5 12 9 17 16 3 10 8 13 2 7 1 4 
14732,	0.312,	0.274801,	29,	71080,	13 10 7 1 4 12 15 16 2 9 0 3 5 14 6 17 11 8 
13118,	0.258,	0.274801,	28,	70130,	5 17 2 1 3 12 10 15 7 13 0 4 8 16 6 14 11 9 
18914,	0.206,	0.274801,	23,	75864,	7 4 10 1 13 17 3 15 8 11 12 14 6 9 2 0 5 16 
18322,	0.273,	0.274801,	24,	64842,	4 7 14 6 9 8 11 1 17 13 15 10 5 12 0 2 16 3 
19750,	0.456,	0.274801,	48,	87990,	2 12 3 1 13 9 10 6 14 11 8 5 0 17 7 15 4 16 
17126,	0.287,	0.274801,	24,	83208,	0 11 6 16 17 1 15 3 2 10 4 12 5 13 7 14 8 9 
20008,	0.281,	0.274801,	25,	90878,	7 12 6 4 11 16 8 13 0 10 3 15 2 1 9 5 14 17 
15770,	0.269,	0.274801,	25,	80942,	3 9 5 16 17 2 15 8 1 14 7 10 6 12 4 0 13 11 
19212,	0.375,	0.274801,	26,	80150,	0 16 11 2 6 5 12 13 17 3 10 14 8 9 1 7 15 4 
22256,	0.427,	0.274801,	30,	66036,	1 15 3 12 9 2 7 14 10 16 8 13 0 4 17 6 5 11 
19572,	0.188,	0.274801,	33,	69692,	10 13 1 2 3 6 5 16 17 9 0 14 8 11 15 7 12 4 
17592,	0.239,	0.274801,	28,	74232,	5 17 12 2 15 7 3 13 8 9 10 4 6 14 1 0 16 11 
18832,	0.211,	0.274801,	33,	101616,	15 16 12 7 14 6 4 8 0 13 17 11 1 9 5 2 10 3 
20962,	0.209,	0.274801,	23,	65220,	6 11 17 0 7 10 16 4 1 13 3 15 5 9 2 14 12 8 
17902,	0.327,	0.274801,	32,	81520,	9 14 3 12 4 13 7 15 2 8 0 5 1 16 6 10 11 17 
21380,	0.302,	0.274801,	20,	73342,	15 12 1 0 10 13 11 6 7 3 8 4 17 16 14 5 9 2 
17824,	0.308,	0.274801,	36,	82510,	3 9 5 8 17 11 14 4 0 16 7 15 1 6 13 2 10 12 
19708,	0.293,	0.274801,	21,	58410,	4 3 7 2 13 8 12 5 17 9 11 6 10 14 0 1 16 15 
19984,	0.328,	0.274801,	30,	100670,	8 4 7 5 12 13 2 11 3 14 6 9 16 17 0 1 15 10 
20112,	0.338,	0.274801,	34,	78894,	6 11 1 16 10 0 15 13 14 17 7 8 5 9 4 2 3 12 
15098,	0.3,	0.274801,	36,	98964,	10 13 1 5 15 6 17 12 0 11 2 16 4 14 3 7 9 8 
18972,	0.259,	0.274801,	36,	98840,	7 4 17 9 8 5 14 3 12 11 1 2 15 16 10 0 13 6 
20988,	0.262,	0.274801,	27,	79588,	6 0 1 9 5 10 14 3 13 11 4 7 2 16 8 12 17 15 
16590,	0.227,	0.274801,	27,	71978,	5 17 11 8 6 0 4 7 15 9 12 16 1 14 2 10 3 13 
19354,	0.195,	0.274801,	25,	78904,	3 9 2 17 12 8 5 10 4 14 1 7 0 13 6 15 11 16 
21506,	0.227,	0.274801,	16,	62150,	3 9 17 2 5 8 13 12 7 14 15 4 10 1 0 16 6 11 
20038,	0.298,	0.274801,	28,	63188,	4 8 7 0 17 13 16 15 2 11 12 3 10 5 14 1 9 6 
21234,	0.181,	0.274801,	25,	67292,	1 10 15 7 12 8 4 17 14 16 5 9 0 13 2 6 3 11 
17904,	0.198,	0.274801,	28,	88066,	0 16 14 1 12 9 15 6 3 13 17 2 4 10 5 7 11 8 
19458,	0.197,	0.274801,	22,	85636,	7 4 12 3 15 6 9 13 11 14 2 0 5 10 1 17 16 8 
19882,	0.256,	0.274801,	27,	102256,	16 0 8 11 14 4 6 5 7 17 3 13 12 9 1 2 15 10 
22508,	0.23,	0.274801,	26,	56600,	6 11 0 7 14 15 4 9 12 8 3 2 17 5 1 10 16 13 
21782,	0.277,	0.274801,	38,	87926,	12 2 15 0 16 5 6 14 17 11 9 8 7 10 3 4 1 13 
16638,	0.293,	0.274801,	28,	85294,	9 3 14 2 5 8 12 1 7 13 15 4 17 10 0 6 16 11 
15000,	0.48,	0.274801,	42,	74572,	8 14 7 4 12 6 13 3 0 9 2 11 16 10 5 15 17 1 
19762,	0.326,	0.274801,	28,	82306,	5 17 3 8 9 1 7 16 6 4 0 11 12 14 15 2 10 13 
22496,	0.129,	0.274801,	27,	87476,	4 13 0 8 14 16 7 17 1 9 6 15 10 12 11 2 5 3 
18546,	0.285,	0.274801,	23,	54436,	2 12 1 14 3 15 8 5 0 9 17 16 4 10 6 7 11 13 
21586,	0.202,	0.274801,	18,	59134,	12 7 15 8 16 0 4 5 6 13 2 11 17 10 3 14 1 9 
15412,	0.471,	0.274801,	32,	61632,	5 17 14 15 9 8 12 1 7 11 3 4 6 13 2 0 10 16 
15138,	0.337,	0.274801,	30,	89812,	3 9 2 17 12 5 6 8 1 11 7 10 15 14 4 0 13 16 
19152,	0.195,	0.274801,	39,	93398,	11 5 6 0 1 4 16 15 13 9 12 10 7 14 2 8 3 17 
16236,	0.289,	0.274801,	29,	84358,	7 4 17 8 5 6 14 16 0 9 1 11 15 3 10 12 13 2 
17230,	0.281,	0.274801,	22,	76252,	4 7 3 8 9 2 14 17 12 13 6 15 5 11 0 1 16 10 
20458,	0.251,	0.274801,	28,	100048,	2 12 3 5 9 1 17 10 0 11 13 15 6 16 7 8 4 14 
14102,	0.239,	0.274801,	31,	86478,	7 4 13 8 10 3 17 16 2 9 0 5 1 14 15 6 12 11 
