1857646,	7.52,	7.54324,	40,	2875450,	7 18 22 37 16 2 55 35 51 12 32 49 61 60 40 9 33 39 24 21 45 63 11 13 30 23 4 57 20 62 31 48 53 47 42 27 54 56 28 19 52 59 1 41 17 36 46 0 14 38 43 3 29 10 5 34 6 26 8 58 25 50 44 15 
1864686,	9.001,	7.54324,	51,	3092712,	52 9 41 26 63 11 5 31 15 46 58 36 21 37 28 44 43 13 4 35 1 61 10 38 16 3 22 23 7 45 42 30 0 14 49 39 18 50 20 54 33 47 17 8 25 24 62 59 56 27 6 48 2 32 19 40 53 57 51 55 12 34 29 60 
1858710,	4.438,	7.54324,	27,	2655930,	52 32 0 17 54 3 50 35 37 5 23 48 20 27 29 56 55 22 51 42 40 7 19 16 8 61 31 58 15 60 30 4 21 26 57 24 18 63 62 34 59 33 14 25 36 10 53 38 49 47 1 45 41 12 44 13 39 6 28 11 46 43 9 2 
1866152,	5.412,	7.54324,	34,	2623402,	19 1 63 51 39 45 49 29 16 61 14 34 3 6 23 24 48 22 5 28 25 59 11 27 2 50 13 60 4 0 21 56 8 30 46 35 17 41 40 12 47 7 36 57 20 26 33 52 32 58 9 37 53 44 55 42 43 18 38 31 15 62 54 10 
1875660,	8.299,	7.54324,	41,	3403630,	49 9 11 31 46 29 27 63 33 15 43 13 60 4 3 61 44 47 6 26 37 1 2 7 22 32 39 53 24 45 48 10 16 17 42 36 51 19 28 30 0 62 35 40 59 41 54 14 8 50 25 20 56 38 21 5 23 58 57 18 55 52 12 34 
1855928,	8.817,	7.54324,	55,	3204006,	20 2 34 50 54 32 5 36 30 52 15 56 17 9 14 18 60 25 39 37 59 57 6 53 13 16 7 0 24 42 61 55 45 46 47 58 8 29 43 49 27 19 33 1 12 31 4 28 48 26 3 23 44 11 63 62 41 51 22 35 21 10 38 40 
1860348,	5.214,	7.54324,	28,	2794082,	45 56 60 22 11 47 58 42 8 6 28 26 24 10 31 17 15 39 36 53 18 1 48 16 55 19 9 63 13 2 35 20 49 3 23 0 40 51 12 5 52 37 30 61 33 32 7 41 44 29 50 25 54 21 27 62 57 38 34 14 59 46 43 4 
1859480,	9.023,	7.54324,	50,	2826870,	38 2 18 0 24 48 34 51 22 6 36 12 53 13 62 35 31 7 28 44 17 43 4 15 33 26 42 21 25 54 49 45 30 52 60 63 1 11 16 20 32 61 14 5 9 39 50 57 56 8 23 10 3 40 37 29 41 27 59 19 58 55 47 46 
1857646,	5.085,	7.54324,	18,	2462616,	32 48 1 7 17 46 3 51 22 20 34 36 61 52 9 5 12 56 47 54 33 21 10 30 59 43 18 8 49 2 0 4 41 35 6 58 39 62 42 37 16 63 50 29 11 26 38 31 40 15 45 57 14 23 60 13 28 44 27 19 55 25 53 24 
1863794,	8.028,	7.54324,	41,	2920052,	37 56 21 4 52 47 2 35 41 62 18 15 24 33 42 25 46 59 61 0 43 50 53 34 6 1 51 11 19 57 49 54 22 13 7 45 40 27 5 28 55 14 10 29 9 39 30 38 44 31 36 32 58 23 48 26 8 63 20 16 12 60 17 3 
1867264,	6.005,	7.54324,	33,	2803184,	54 40 0 60 58 21 43 38 6 10 25 23 27 2 35 57 42 45 31 33 5 11 51 16 30 14 17 61 29 18 15 48 46 63 3 49 20 44 53 26 7 13 37 36 59 8 12 50 19 55 32 9 52 28 1 62 34 24 39 4 41 22 47 56 
1866152,	8.306,	7.54324,	35,	2678452,	51 10 6 0 45 4 33 55 16 21 39 27 49 5 54 28 62 18 48 22 19 31 40 41 13 37 17 2 15 26 60 36 34 43 50 59 46 56 57 53 58 61 1 25 12 30 44 7 14 3 24 8 63 9 47 52 11 23 42 20 32 29 35 38 
1864444,	7.783,	7.54324,	42,	3070004,	15 57 37 59 13 55 61 10 25 41 27 31 43 44 19 23 53 11 42 38 4 6 35 18 1 52 45 51 3 40 30 28 49 29 12 63 21 9 36 0 26 56 58 5 62 33 20 47 16 48 7 46 17 8 60 24 2 50 32 34 39 22 54 14 
1859480,	9.875,	7.54324,	52,	3416882,	4 58 48 18 36 6 34 21 23 46 52 0 32 8 7 17 15 56 30 10 31 57 38 33 1 2 27 3 11 45 40 42 59 47 20 24 43 19 44 63 26 16 53 49 51 60 9 62 29 35 12 41 54 28 50 5 61 37 39 22 14 25 13 55 
1863678,	7.066,	7.54324,	29,	3053154,	40 36 34 23 50 38 1 21 54 60 6 17 11 10 9 13 18 37 5 3 35 0 57 59 62 39 44 41 22 56 30 24 49 12 19 29 16 43 7 51 25 26 47 27 15 61 46 31 2 28 20 4 53 48 8 14 32 33 58 52 42 55 63 45 
1874786,	8.203,	7.54324,	46,	3357320,	27 13 44 23 0 10 25 29 41 60 39 58 54 55 56 31 9 18 40 26 24 51 38 47 3 49 30 28 16 57 53 1 32 5 43 42 15 6 36 20 48 14 11 19 46 34 62 52 2 37 17 8 7 35 21 12 22 4 33 50 63 45 59 61 
1863678,	6.871,	7.54324,	36,	2790908,	2 56 52 6 37 50 54 27 39 17 22 12 33 20 46 23 18 25 38 40 61 9 30 51 4 41 13 58 63 62 57 34 7 36 24 42 31 14 19 47 44 28 53 29 49 35 32 43 8 21 45 3 15 55 5 0 59 60 48 10 1 11 16 26 
1863678,	11.844,	7.54324,	63,	3081824,	51 3 39 22 55 5 45 7 57 28 18 16 34 25 33 4 1 35 62 17 24 46 26 36 19 60 8 56 20 53 58 47 44 40 52 15 61 0 14 50 27 29 38 43 63 11 37 32 31 48 49 6 12 2 21 59 10 9 13 23 41 30 42 54 
1863678,	10.135,	7.54324,	44,	3215878,	57 37 27 42 55 61 59 7 12 22 9 25 39 31 14 21 26 18 32 47 33 62 4 8 48 23 60 17 36 2 41 51 52 0 58 56 43 54 38 15 10 53 6 63 19 49 46 45 35 16 3 13 50 30 20 24 29 44 5 1 34 40 28 11 
1863678,	4.116,	7.54324,	14,	2219954,	13 46 34 57 19 59 44 7 29 40 24 9 61 30 36 52 22 4 53 62 49 10 12 17 31 42 27 38 25 43 1 16 28 55 41 3 39 63 11 18 23 33 5 54 6 26 56 48 60 8 47 58 21 37 45 14 50 51 15 2 0 20 32 35 
1867264,	6.331,	7.54324,	34,	2645716,	35 14 51 4 37 25 8 56 40 31 54 2 20 49 23 18 7 33 15 3 17 44 46 30 63 59 57 60 0 19 36 10 61 1 53 27 48 5 28 39 45 13 50 52 32 58 38 21 26 42 24 55 16 29 6 43 47 22 9 62 11 12 34 41 
1864686,	5.329,	7.54324,	26,	2863108,	42 32 53 22 55 8 38 18 59 6 57 36 12 1 54 9 45 34 58 49 29 56 16 37 23 50 41 21 27 0 26 35 47 40 11 52 60 48 25 3 10 51 28 43 33 30 14 63 62 44 19 4 2 5 15 13 46 39 61 24 7 20 17 31 
1863794,	10.685,	7.54324,	65,	2937456,	60 62 34 17 40 11 21 46 1 36 50 15 31 29 37 52 20 5 48 24 42 7 33 41 57 51 53 49 54 30 28 18 44 56 6 19 27 3 14 39 0 61 9 12 45 4 55 63 58 26 16 35 2 25 59 43 22 23 38 13 32 10 8 47 
1857646,	8.694,	7.54324,	46,	3088592,	20 22 5 0 16 10 38 55 33 49 59 53 35 57 62 39 40 36 46 30 23 1 8 34 21 28 27 60 7 37 32 19 11 2 9 25 42 31 63 26 54 47 44 61 45 17 41 13 6 52 3 56 29 50 12 51 58 18 15 24 43 14 48 4 
1866152,	8.211,	7.54324,	53,	3125948,	58 22 5 63 10 8 20 52 24 36 26 46 41 44 53 34 28 47 43 56 39 42 49 59 48 32 37 13 61 7 33 0 27 17 16 40 35 51 1 3 19 18 6 57 2 15 62 21 45 29 31 50 14 30 11 12 54 4 23 38 25 60 9 55 
1861832,	5.675,	7.54324,	31,	2666978,	58 61 24 34 28 12 10 46 14 40 56 44 8 7 16 4 57 55 22 19 39 36 15 0 30 20 35 18 47 60 51 27 2 23 6 17 59 53 32 62 37 25 11 45 3 1 52 49 50 41 48 33 43 54 9 42 31 21 26 5 38 63 29 13 
1866842,	11.04,	7.54324,	56,	3201940,	5 31 15 29 40 17 27 11 58 42 52 54 56 36 57 18 41 34 23 55 50 8 20 44 63 53 10 62 2 38 39 6 28 12 32 45 49 46 26 51 9 22 3 7 0 21 1 16 59 13 14 19 43 4 37 25 47 48 60 61 35 24 33 30 
1864686,	6.414,	7.54324,	31,	2642018,	21 48 1 33 31 4 52 15 36 46 50 18 62 23 26 59 30 24 57 27 20 63 10 22 14 47 58 42 25 8 40 5 53 37 16 51 17 35 32 45 44 7 54 6 41 3 29 28 38 9 43 11 61 55 49 0 34 13 56 19 39 2 60 12 
1863678,	8.619,	7.54324,	48,	3264468,	37 58 22 11 24 43 7 47 41 5 9 53 27 54 62 45 40 60 42 33 31 21 57 17 59 20 46 10 34 29 18 0 19 8 51 30 35 12 26 6 14 2 3 55 28 63 61 36 25 44 48 23 52 15 49 38 39 4 13 16 50 32 56 1 
1907616,	6.956,	7.54324,	41,	2727692,	37 19 40 31 50 25 35 56 60 9 12 54 14 34 17 42 8 7 22 46 47 15 11 3 57 41 36 62 61 18 33 4 2 52 26 48 5 24 44 20 49 51 63 29 32 28 55 21 6 39 0 38 16 23 30 58 59 53 13 45 1 10 43 27 
1855928,	5.027,	7.54324,	28,	2411138,	26 58 41 56 39 10 29 12 14 60 54 16 44 52 37 1 62 19 21 2 45 32 61 30 63 43 42 36 59 28 13 5 35 17 33 34 3 15 47 20 40 31 46 24 6 48 27 25 53 0 18 49 4 7 22 57 51 23 50 38 8 55 9 11 
1865494,	8.291,	7.54324,	36,	2852166,	26 63 24 11 5 40 15 1 42 44 59 46 29 37 58 21 2 3 6 9 52 57 53 43 4 20 54 60 23 62 13 38 39 48 36 28 45 51 12 56 27 22 47 55 49 33 34 30 18 10 50 17 31 16 25 41 0 61 14 19 8 35 32 7 
1857646,	8.808,	7.54324,	41,	2727394,	37 27 8 12 62 22 41 10 60 43 47 57 24 49 25 54 17 63 50 30 16 35 51 32 1 11 61 55 5 58 7 26 31 40 2 23 14 29 56 45 0 13 28 20 48 33 3 46 6 52 19 4 34 39 38 42 15 21 36 53 44 18 59 9 
1865994,	6.455,	7.54324,	31,	2494654,	24 44 15 60 26 62 42 57 40 28 10 38 13 41 0 32 12 6 19 58 11 14 30 18 3 59 2 7 20 16 29 37 36 45 46 52 33 51 8 25 31 55 48 17 21 27 49 61 4 54 23 1 50 22 5 9 34 56 39 47 53 43 35 63 
1874830,	7.115,	7.54324,	29,	2891360,	25 10 31 59 27 29 47 42 45 61 14 63 57 6 53 52 38 60 48 34 40 15 13 18 44 3 46 51 8 0 37 22 21 36 26 56 19 62 49 4 33 50 32 39 23 28 2 16 11 54 9 55 41 24 30 1 43 5 35 58 20 7 12 17 
1857646,	7.938,	7.54324,	38,	2423284,	1 19 31 3 40 21 35 15 25 45 61 63 50 5 53 17 12 37 46 23 49 30 42 32 7 47 6 20 10 62 34 44 14 60 9 28 11 57 16 52 38 18 58 59 8 48 51 36 22 29 24 2 56 13 4 39 55 0 26 43 54 41 33 27 
1866152,	4.754,	7.54324,	22,	2632852,	10 61 43 63 32 28 46 59 49 8 12 26 22 58 40 33 50 7 34 39 21 14 52 30 16 45 60 55 54 9 19 20 31 23 6 2 1 25 27 11 47 37 41 42 5 48 57 3 53 0 15 13 17 51 56 4 29 24 38 44 36 62 35 18 
1863794,	5.823,	7.54324,	27,	2477106,	9 7 22 11 25 54 59 42 39 28 5 48 44 36 37 32 51 53 62 4 56 35 50 27 55 60 20 57 8 47 49 43 52 17 0 45 40 15 23 14 1 46 61 58 19 33 3 12 26 29 16 13 6 24 21 34 31 18 41 30 38 10 63 2 
1866842,	5.539,	7.54324,	34,	2769994,	62 56 17 47 50 2 4 37 33 23 21 52 27 19 36 53 58 11 22 49 54 45 24 18 12 51 16 39 40 60 42 14 31 61 57 43 38 44 5 48 10 3 7 59 6 26 35 15 8 63 1 28 34 29 41 0 13 30 25 9 55 46 32 20 
1857646,	9.432,	7.54324,	56,	2834358,	45 21 60 6 55 23 49 25 27 1 39 43 11 18 31 30 41 34 52 56 32 9 33 38 46 12 3 51 36 35 26 59 63 40 20 37 54 17 47 61 57 10 53 14 15 8 62 29 19 4 16 50 28 22 7 13 24 58 42 0 5 44 48 2 
1855928,	11.096,	7.54324,	54,	3205340,	28 63 26 58 10 38 40 4 43 14 24 53 8 52 31 11 7 54 35 16 49 41 23 61 60 42 3 33 1 27 56 57 19 17 51 15 36 20 34 21 5 30 46 0 62 48 44 32 18 55 13 50 2 9 12 47 39 29 25 6 45 22 37 59 
