639370886,	5.834,	4.67225,	36,	1364043276,	14 3 10 29 16 7 20 4 13 19 28 26 21 9 23 5 11 8 27 25 22 18 6 1 17 12 15 0 2 24 
739308328,	4.696,	4.67225,	29,	1262443771,	5 14 13 27 15 29 0 6 2 16 19 26 28 9 20 7 25 23 10 21 17 3 24 8 22 1 11 12 18 4 
720260557,	4.703,	4.67225,	29,	1317707384,	19 18 11 7 17 3 20 12 4 10 28 15 9 23 21 5 29 25 16 8 1 14 2 27 0 13 6 26 22 24 
652520059,	5.997,	4.67225,	37,	1537808998,	27 21 1 5 9 25 28 24 23 8 4 15 20 19 16 10 12 14 3 29 2 18 13 7 0 11 22 26 17 6 
666152576,	4.861,	4.67225,	30,	1250795311,	17 4 3 16 7 10 19 13 6 20 22 12 23 9 21 8 29 5 26 28 18 25 1 27 11 14 2 15 0 24 
794965085,	4.372,	4.67225,	27,	1339337478,	28 26 22 7 15 17 0 6 4 10 12 1 18 5 8 2 19 14 11 27 3 16 13 29 25 20 21 9 23 24 
704482621,	4.371,	4.67225,	27,	1305276875,	22 18 11 8 23 17 9 12 21 26 5 15 14 29 16 27 4 20 28 19 2 10 13 7 0 6 3 1 25 24 
656430219,	4.045,	4.67225,	25,	1401268425,	27 21 1 28 9 25 8 24 23 5 29 16 3 10 19 13 12 4 14 7 0 18 15 2 20 11 22 26 17 6 
686600624,	5.652,	4.67225,	35,	1311273881,	7 18 12 19 14 4 29 11 2 10 28 22 9 25 8 5 3 17 27 23 26 1 24 21 6 13 0 15 20 16 
744798526,	3.879,	4.67225,	24,	1334893563,	9 17 11 8 23 1 21 12 26 25 3 6 20 19 10 5 27 16 18 14 7 28 13 29 4 2 24 15 0 22 
713467865,	3.566,	4.67225,	22,	1460593334,	29 20 16 3 4 19 10 14 13 7 27 12 8 9 25 28 15 1 2 23 18 5 24 21 11 0 6 22 26 17 
722667299,	4.533,	4.67225,	28,	1191055538,	29 7 13 14 10 19 3 2 20 16 25 12 5 28 18 8 23 22 27 9 0 1 15 26 11 21 24 6 17 4 
639128591,	4.209,	4.67225,	26,	1325813667,	3 14 13 7 20 29 19 4 16 10 25 12 5 28 18 8 23 26 1 9 22 27 6 17 11 21 2 15 0 24 
648329984,	6.314,	4.67225,	39,	1387857393,	10 17 26 19 20 4 16 22 6 7 14 12 5 9 23 28 3 21 29 8 18 27 1 25 11 13 2 15 0 24 
650847852,	5.014,	4.67225,	31,	1257459349,	4 0 15 10 20 16 7 2 24 19 9 12 5 25 1 8 21 3 28 14 18 27 13 29 11 23 6 22 26 17 
757625898,	4.209,	4.67225,	26,	1247947342,	23 11 1 27 14 18 29 13 12 21 9 22 7 10 4 28 8 17 5 20 26 19 24 3 6 25 15 0 16 2 
775387471,	5.017,	4.67225,	31,	1071476675,	7 13 22 28 29 14 27 6 2 5 10 23 3 25 1 19 8 16 4 20 0 9 15 17 21 26 12 11 18 24 
771436818,	5.508,	4.67225,	34,	1347738008,	8 20 25 27 19 16 29 1 2 14 21 15 18 11 12 23 28 22 5 26 6 9 24 17 0 4 13 10 3 7 
651260933,	4.535,	4.67225,	28,	1294865973,	16 2 0 20 4 7 10 15 24 19 14 18 27 9 28 21 3 1 29 8 11 23 12 25 5 13 6 22 26 17 
752492325,	4.21,	4.67225,	26,	1418060141,	21 18 11 5 1 3 25 12 27 8 9 22 4 7 17 28 19 15 23 0 6 10 24 20 26 16 13 14 29 2 
789451340,	4.048,	4.67225,	25,	1214505424,	7 17 26 19 14 20 29 22 13 16 3 1 21 23 8 27 15 9 10 28 4 2 6 5 25 0 12 11 18 24 
736173519,	4.38,	4.67225,	27,	1027159841,	23 18 11 9 15 5 0 12 17 28 20 1 4 10 8 16 7 14 21 27 3 19 13 29 25 2 6 22 26 24 
767445250,	4.545,	4.67225,	28,	1219123225,	5 26 8 28 7 3 10 25 22 9 17 12 16 1 14 20 0 29 19 21 18 23 2 27 11 15 24 6 4 13 
754705257,	4.708,	4.67225,	29,	1276182013,	3 17 23 7 0 20 16 21 15 19 28 12 26 27 22 5 25 2 9 29 18 8 13 14 11 1 6 4 10 24 
674635800,	3.407,	4.67225,	21,	1246719463,	29 9 23 14 8 28 5 21 25 27 7 6 20 17 26 19 3 15 2 16 4 10 24 0 22 13 11 12 18 1 
724937418,	5.025,	4.67225,	31,	1226399973,	23 26 22 9 0 17 5 6 15 28 1 13 20 16 19 2 25 14 21 29 10 27 4 3 7 8 12 11 18 24 
648785926,	4.695,	4.67225,	29,	1284035912,	16 17 26 19 4 20 10 22 6 7 21 12 8 25 1 9 29 3 23 5 18 28 13 27 11 14 2 0 15 24 
838447724,	3.399,	4.67225,	21,	1250411006,	19 9 23 29 7 28 10 21 2 27 14 15 17 26 11 16 1 18 5 8 12 20 24 25 0 3 4 6 22 13 
741667247,	4.538,	4.67225,	28,	1319718147,	16 18 11 7 3 20 10 12 17 19 15 26 23 21 9 2 14 28 0 27 8 29 25 5 22 1 6 13 4 24 
677294892,	4.696,	4.67225,	29,	1387852547,	17 26 22 27 8 28 25 6 9 5 16 15 14 29 2 19 13 11 20 18 12 7 4 10 0 3 24 21 23 1 
702242980,	5.181,	4.67225,	32,	1400987909,	3 23 26 9 1 21 25 17 22 8 28 12 20 19 16 27 10 14 5 29 18 7 13 2 11 4 24 0 15 6 
676177885,	4.532,	4.67225,	28,	1302688314,	17 26 22 27 8 28 25 6 9 5 10 15 18 11 12 7 20 14 4 29 0 19 13 16 2 3 24 21 23 1 
793464946,	4.692,	4.67225,	29,	1252288847,	19 6 0 16 26 22 17 15 24 20 10 12 28 5 2 4 23 29 7 27 18 9 13 14 11 21 1 25 3 8 
735280749,	4.372,	4.67225,	27,	1343122437,	9 18 12 21 17 15 23 11 4 0 5 13 7 10 29 27 25 16 28 19 14 8 3 20 2 1 24 26 22 6 
776003563,	3.727,	4.67225,	23,	1112646674,	1 14 2 21 10 29 3 4 13 27 8 6 5 18 26 28 23 12 25 11 24 9 15 17 22 0 20 16 19 7 
777903592,	4.537,	4.67225,	28,	1146503733,	1 0 21 18 14 12 16 23 15 11 28 6 8 17 26 9 19 10 5 3 4 25 24 7 22 20 13 29 27 2 
665448098,	4.385,	4.67225,	27,	1276911575,	27 9 23 25 26 28 8 21 22 5 29 0 7 10 2 13 17 16 14 19 4 3 24 20 15 6 11 12 18 1 
706511122,	4.23,	4.67225,	26,	1262084313,	21 22 6 5 26 23 9 4 17 28 10 16 2 29 19 27 0 3 7 25 14 8 13 1 20 15 12 11 18 24 
777385200,	4.879,	4.67225,	30,	1303978520,	3 21 15 27 25 1 8 0 23 2 29 12 10 7 18 16 26 13 14 20 4 19 6 17 11 22 24 5 28 9 
710658493,	4.536,	4.67225,	28,	1499074062,	18 0 12 29 13 15 2 11 16 14 5 1 9 23 8 28 3 22 27 26 6 21 4 17 25 10 7 20 19 24 
683119041,	5.336,	4.67225,	33,	1381229754,	18 13 12 7 20 14 19 11 16 29 4 26 21 1 23 3 28 8 10 25 22 27 6 9 17 5 24 15 0 2 
699241232,	4.702,	4.67225,	29,	1383284624,	3 20 17 7 4 16 10 24 18 19 14 26 5 1 25 27 13 9 29 21 22 28 6 23 8 2 15 12 11 0 
712881756,	4.209,	4.67225,	26,	1313400908,	21 18 11 23 17 5 9 12 4 28 3 15 25 8 27 1 20 29 10 14 2 19 13 16 0 7 24 22 26 6 
724872401,	4.212,	4.67225,	26,	1123857671,	21 17 15 5 26 23 28 0 22 9 25 13 3 10 4 1 16 19 8 29 7 27 24 14 2 20 12 11 18 6 
767949610,	4.53,	4.67225,	28,	1397707395,	10 17 23 7 22 9 26 21 4 28 20 12 8 25 1 16 5 27 19 29 18 3 2 14 11 13 24 0 15 6 
822487452,	4.535,	4.67225,	28,	1267966080,	3 2 22 29 10 28 19 26 7 27 25 15 14 1 16 5 20 21 8 23 12 9 11 18 0 17 24 4 6 13 
737487050,	4.058,	4.67225,	25,	1356361281,	9 18 12 21 26 4 17 11 22 23 16 14 19 10 7 28 25 27 20 3 29 5 2 1 13 8 24 15 0 6 
665512706,	6.318,	4.67225,	39,	1554793361,	27 28 23 25 5 22 8 21 9 26 29 15 16 19 20 13 17 7 14 10 2 3 24 4 0 6 12 11 18 1 
763844822,	5.014,	4.67225,	31,	1295730770,	21 11 22 23 18 28 5 6 12 9 17 14 20 19 16 27 25 7 26 10 29 8 13 3 2 1 24 0 15 4 
752461612,	4.863,	4.67225,	30,	1289183130,	3 18 11 1 26 17 8 12 22 25 9 21 14 16 20 28 2 19 5 29 10 27 4 7 23 13 24 15 0 6 
675967336,	4.052,	4.67225,	25,	1412207243,	21 8 25 23 26 9 5 1 22 28 14 13 2 3 10 29 0 19 27 20 7 17 24 16 4 15 12 11 18 6 
689047781,	5.665,	4.67225,	35,	1476223150,	29 18 11 14 8 5 27 12 25 28 10 22 16 20 4 19 13 17 3 0 26 7 24 15 6 2 21 9 23 1 
666641521,	4.851,	4.67225,	30,	1653637332,	2 17 26 7 0 20 16 22 15 19 9 1 21 27 8 23 11 14 28 29 3 5 13 18 25 12 6 4 10 24 
817391810,	4.204,	4.67225,	26,	1453776729,	18 29 27 5 1 14 25 2 13 8 16 26 0 21 15 20 11 23 19 9 22 7 24 28 17 12 6 4 10 3 
753217528,	5.497,	4.67225,	34,	1274247074,	3 18 11 8 15 1 0 12 24 25 23 16 2 29 19 21 28 7 9 10 14 27 13 4 20 5 6 22 26 17 
745506529,	4.531,	4.67225,	28,	1121502630,	3 25 21 28 9 8 5 1 23 27 14 22 18 11 12 16 10 17 29 20 6 19 4 13 26 7 2 15 0 24 
717185610,	5.341,	4.67225,	33,	1098018567,	3 22 6 9 25 26 8 24 1 17 28 12 27 14 18 4 16 29 5 7 2 10 13 19 11 20 15 0 21 23 
781329680,	4.861,	4.67225,	30,	1366554140,	28 15 23 7 20 9 16 21 0 19 27 13 8 25 10 29 12 1 2 5 4 14 6 18 3 11 24 22 26 17 
770669073,	4.053,	4.67225,	25,	1424391560,	8 7 4 5 28 10 9 24 20 19 21 12 0 2 15 16 25 14 23 29 18 27 13 1 11 3 22 26 17 6 
737917265,	4.538,	4.67225,	28,	1261381863,	17 10 4 26 19 20 16 6 7 22 5 12 8 25 18 9 21 0 28 27 15 23 2 1 11 3 13 29 14 24 
739025103,	5.18,	4.67225,	32,	1527180575,	16 18 11 19 10 17 7 12 3 20 25 15 9 23 26 8 29 21 1 28 22 5 2 27 0 14 6 24 13 4 
798918213,	4.857,	4.67225,	30,	1364173049,	19 14 16 28 23 29 9 20 21 27 10 12 13 4 18 7 15 22 3 26 6 2 24 17 11 0 25 8 5 1 
767386950,	4.054,	4.67225,	25,	1301336794,	6 12 0 22 18 11 26 15 24 17 16 13 29 19 27 14 21 10 20 28 7 5 4 9 2 23 1 25 8 3 
776829437,	4.848,	4.67225,	30,	1274065956,	7 22 6 5 0 26 28 13 15 17 16 12 14 3 1 19 27 25 20 10 18 29 4 8 11 2 21 23 9 24 
696563310,	5.35,	4.67225,	33,	1366693635,	29 18 11 14 28 21 9 12 5 23 4 0 19 16 20 10 3 17 2 26 6 7 24 22 15 13 1 25 8 27 
